Угол	TotalAntenna	TotalRadom	ThetaRadom	PhiRadom
90	56,1366771937175	55,9786733252852	-8,36929848602544	55,978671729453
90,1000000014901	55,9608104132415	55,8040828731761	-9,73367450725367	55,8040816597631
90,2000000029802	55,4256959800115	55,2720540163911	-10,0062918781317	55,2720527282905
90,3000000044703	54,5071054870884	54,3587105539284	-8,32733215532102	54,3587082141208
90,4000000059605	53,1581248722911	53,0179105238033	-6,39968623508775	53,0179055575956
90,5000000074506	51,295198134295	51,1677371335508	-5,27775597576962	51,1677272881026
90,6000000089407	48,7649972761049	48,6587277111598	-5,16574114720897	48,6587097084316
90,7000000104308	45,2533659551408	45,1880232480872	-6,12549896393973	45,1879911533595
90,8000000119209	39,9542686490855	39,9989623561667	-8,3134862963455	39,9988983026987
90,900000013411	29,4905895705617	30,2966206311844	-12,0995596436631	30,2963704936926
91,0000000149012	30,1299051074689	30,067919463517	-17,3490031101737	30,0678407415404
91,1000000163913	36,8215232399348	36,5770712103763	-17,0068461710191	36,5770521823596
91,2000000178814	39,1239799782508	38,8938055030636	-13,4308492670422	38,8937800746008
91,3000000193715	39,6230198442678	39,4092185441936	-11,6444294920571	39,4091844703433
91,4000000208616	38,8944018494248	38,69803108788	-11,3483563547917	38,6979881196251
91,5000000223517	37,0161214127626	36,8471654050427	-12,1964223695363	36,8471112762625
91,6000000238419	33,7135979213797	33,6104899938254	-13,936048589166	33,6104135866275
91,700000025332	27,9664248251866	28,1207344932191	-16,2317847129443	28,1205750741159
91,8000000268221	17,8550140186301	19,6289042380147	-18,6288579015987	19,6282555430428
91,9000000283122	24,6513113515177	24,5017402816708	-20,2771174198364	24,5015957690535
92,0000000298023	28,6650666210279	28,2851694402595	-19,1854765209786	28,2850916861051
92,1000000312924	29,7341951834574	29,2969514645875	-16,2636665217863	29,2968307586738
92,2000000327826	28,8865106746152	28,4040646374363	-14,0538598419426	28,4038180311213
92,3000000342727	25,9356638315938	25,3892165831635	-13,3220673670262	25,3886322169016
92,4000000357628	18,6122844698589	17,8712816538591	-14,4082120610983	17,8687114744352
92,5000000372529	12,1705745749892	12,1831032052407	-18,2472716053566	12,1791682158584
92,600000038743	23,7829863121237	23,4434890350751	-30,6184901672057	23,4434719904582
92,7000000402331	27,6677592631825	27,2685496176154	-23,2096475983314	27,2685107160987
92,8000000417233	29,2308194509922	28,8135714694849	-17,4683304908665	28,813469234573
92,9000000432134	29,3118152264484	28,897682201631	-16,5472738540732	28,8975582378243
93,0000000447035	28,0105692832322	27,6206481039503	-19,1769401235553	27,6205573156202
93,1000000461936	24,8831038422071	24,5574329262631	-25,4806785219675	24,5573898760487
93,2000000476837	17,8082251611865	17,7460636946073	-18,678616707802	17,7450743086559
93,3000000491738	12,2738820505493	11,8825629453272	-13,4015809794681	11,8696800373394
93,4000000506639	22,7118132751903	22,1778860663515	-10,9724470364062	22,1757829846201
93,5000000521541	26,6903526461717	26,214257283703	-10,2748399237131	26,2132824661728
93,6000000536442	28,4782039583365	28,0418689868325	-10,9609513391329	28,0413225630421
93,7000000551343	28,9246722977445	28,5194076922819	-13,0904583798933	28,5191079053528
93,8000000566244	28,2377681572686	27,8595460990578	-17,3011440572859	27,8594137496772
93,9000000581145	26,3097330561104	25,9605848085863	-23,7528232292662	25,9605384162946
94,0000000596046	22,5621562277173	22,2668250182197	-18,7561884260262	22,2664818554812
94,1000000610948	14,4520457599078	14,4713661019418	-13,8289181903405	14,4649380815851
94,2000000625849	9,9907840625126	10,0049542135133	-11,4759009857628	9,97396236630905
94,300000064075	19,7021533980336	19,2260445630204	-10,8971272400121	19,2218210066815
94,4000000655651	23,0140016133619	22,488570804501	-11,9810501997286	22,4870187755792
94,5000000670552	24,0804882483201	23,4975857039996	-15,0544964964704	23,4969795173042
94,6000000685453	23,5941991949635	22,9206907431351	-19,8268572980932	22,9204600466158
94,7000000700355	21,4841465282414	20,6437724075678	-18,3886302277861	20,64322969337
94,8000000715256	16,7560488374883	15,477263509426	-14,8345328027102	15,4732195493218
94,9000000730157	2,86619692072055	-0,216395473792543	-13,6851134791782	-0,416322032735187
95,0000000745058	13,9168126219499	14,5884745302531	-14,8102926767547	14,5834838804159
95,1000000759959	19,7365442936004	19,8655105984396	-18,7889776278433	19,8649185392978
95,200000077486	22,1296918091803	22,0857403837588	-28,7956091134099	22,0857049309103
95,3000000789762	22,7601373317124	22,6390564638573	-23,3987498950278	22,6389483182005
95,4000000804663	21,9311317484119	21,7748135202298	-18,3246490281488	21,7743890382284
95,5000000819564	19,3371184976481	19,1746331402277	-16,9693083127846	19,1735776774108
95,6000000834465	13,2398467705363	13,1657703350246	-17,1673759220857	13,1617462154597
95,7000000849366	-1,59693400655292	1,78879087705782	-16,8043895211603	1,72832840667264
95,8000000864267	15,7658864910077	15,7291931737143	-14,844647040091	15,7253861057549
95,9000000879169	20,5194261338127	20,3953445509682	-12,9114071764654	20,3933158848872
96,000000089407	22,681442718835	22,5232387656005	-12,0415074309848	22,5217203676485
96,1000000908971	23,3752677882753	23,1797734444335	-12,5494681628292	23,1786122145308
96,2000000923872	22,8604497629227	22,6052956450563	-14,8126614033235	22,6045085485935
96,3000000938773	21,0194113673733	20,6522638652334	-19,5143971816047	20,6518459010141
96,4000000953674	17,1615935816811	16,5246332789523	-21,2091962602725	16,5239014022026
96,5000000968575	7,65742083274039	5,54250218251482	-16,0116920929366	5,51203112366789
96,6000000983477	7,81661283504602	9,56032531073816	-13,1935658921088	9,53722863309041
96,7000000998378	16,5254303247986	17,1870277571704	-12,5843529553731	17,1824476543783
96,8000001013279	19,7838545054009	20,2352840236527	-14,0249829276137	20,2336553313336
96,900000102818	21,0064439334568	21,4056106220516	-18,35324051629	21,4051515063423
97,0000001043081	20,8144993239814	21,2467800204345	-31,8917571496398	21,2467589374714
97,1000001057982	19,2079248346651	19,7736845059415	-22,8547209653383	19,7734473928026
97,2000001072884	15,5702264560952	16,5067673804054	-17,5965766149644	16,505078751028
97,3000001087785	6,60120908416149	9,40748062783612	-16,5259013100603	9,39638886467546
97,4000001102686	5,88728648107132	4,96430183202908	-17,6558280286975	4,94048073073375
97,5000001117587	14,8647157680222	14,1983108451483	-19,2540297060434	14,1963490740092
97,6000001132488	18,219051970984	17,8292790504234	-18,627937049473	17,8282970497165
97,7000001147389	19,479728438238	19,2277965492049	-17,4433622948625	19,2268617568204
97,8000001162291	19,2706833770396	19,0923488685117	-17,7432282869825	19,0914488082287
97,9000001177192	17,547647839052	17,3981371066632	-18,5405885387655	17,3970305667783
98,0000001192093	13,4970615873945	13,3416793771842	-16,0357162867669	13,3366640937138
98,1000001206994	1,59602698815397	2,75519260051915	-12,4214334444072	2,62128667353831
98,2000001221895	7,99623901959821	9,25293000341151	-10,2010364864397	9,20340075116977
98,3000001236796	15,354621067333	15,8336194967141	-9,5624768790794	15,8210649148884
98,4000001251698	18,436961959042	18,7630302180208	-10,54701928332	18,7579365102961
98,5000001266599	19,6844972497647	19,9536001581136	-13,5392140179786	19,9516565886432
98,60000012815	19,6048367728394	19,8617215923485	-19,4927096089839	19,8612176667884
98,7000001296401	18,1884649782424	18,4865677393671	-21,471011370148	18,486129159866
98,8000001311302	14,8886455012745	15,3582813012837	-16,6797543198645	15,3555641326001
98,9000001326203	6,99374796879225	8,3664559674326	-15,1138971369638	8,34692493566214
99,0000001341105	2,60117669051755	0,647876179675578	-16,2060240900865	0,557320814726591
99,1000001356006	13,4356117412891	12,568721815864	-20,1448650615382	12,5663961790143
99,2000001370907	17,3172406746118	16,675118699317	-26,8849767399288	16,6749273687608
99,3000001385808	19,0194274953167	18,4479677164744	-24,3510414896362	18,4477397375031
99,4000001400709	19,3393483097547	18,7744039334385	-22,1721261440245	18,7740546735054
99,500000141561	18,4151574526938	17,7959498581568	-23,8848410036423	17,7956549274636
99,6000001430511	15,9735122144819	15,1827384163562	-22,6743214287702	15,1820270162981
99,7000001445413	10,7819991363887	9,40128990015361	-16,3131695580346	9,389623911913
99,8000001460314	-9,83538533981092	-6,7033519570491	-12,1184596798558	-8,17490371422372
99,9000001475215	9,13521823101751	10,4615017324788	-9,78764670574025	10,4202988134635
100,000000149012	14,7035150135127	15,3243842685335	-8,8468983034692	15,3077314238981
100,100000150502	17,0550312872683	17,4212876432582	-9,12671711193498	17,4116612174469
100,200000151992	17,7436590393358	17,9472134252234	-10,6584111179766	17,94122212079
100,300000153482	17,0770497647524	17,1335576243626	-13,6453137879113	17,1299261855635
100,400000154972	14,8490145242819	14,7340143663562	-18,344368544343	14,7318761436998
100,500000156462	9,89086166403939	9,48798333318803	-23,0940242919974	9,4855861379681
100,600000157952	-10,5288421288766	-12,4474133984451	-23,8810246943117	-12,7713959409525
100,700000159442	8,06646135760619	8,37559069728016	-25,6531742547103	8,37387281378384
100,800000160933	13,8942625161031	13,8710470323999	-27,9102476862523	13,870758848809
100,900000162423	16,4142084763365	16,2777170939174	-21,9686226199877	16,2770666904323
101,000000163913	17,2656025330831	17,1140767211251	-18,0959575619759	17,1127680023971
101,100000165403	16,788066355746	16,7295805675475	-17,0378493932086	16,7277561151578
101,200000166893	14,8284221462931	15,0431167916984	-18,6264782222877	15,0412507639054
101,300000168383	10,4283152703084	11,3906884833847	-24,3945013122072	11,3895421190956
101,400000169873	-3,62384318213647	2,30708705772203	-35,7081880098739	2,30640110986844
101,500000171363	6,52454197597054	2,49354658558573	-22,4728589551553	2,47968424100344
101,600000172853	13,2434902336145	11,4683124562327	-19,1893038681658	11,4645781547201
101,700000174344	16,1725888003779	15,073031953562	-18,7693899590761	15,0712387409793
101,800000175834	17,3828064996539	16,6753638344366	-19,4645765269087	16,6743073986708
101,900000177324	17,3380085787318	16,9059745901714	-19,9753015364269	16,905083952153
102,000000178814	16,0468711128431	15,8058771623759	-21,0564310433951	15,8049826255651
102,100000180304	13,0766716847331	12,9301434576655	-25,6574269888311	12,9295422045649
102,200000181794	6,52730911345889	6,27066617564861	-26,2971161711095	6,2682611133846
102,300000183284	-5,53070428888981	-2,49082936064928	-17,00595743723	-2,64716750821124
102,400000184774	9,39949691950024	10,0721713642019	-12,5923080645487	10,048592941122
102,500000186265	13,8329740769873	14,2652517109124	-10,7128240865458	14,251426626158
102,600000187755	15,7629760547494	16,0361595948288	-10,8394119144055	16,0272332553217
102,700000189245	16,2183382582116	16,338475128751	-13,2310639731099	16,3336770178194
102,800000190735	15,3969424985826	15,3792352653591	-18,9763627495082	15,3776419410814
102,900000192225	13,0561492897419	12,9907302119968	-18,4122855786756	12,9875850720132
103,000000193715	8,02048581582589	8,45769704070607	-12,2954965778441	8,42102820664775
103,100000195205	-11,0964646616286	1,96868577105001	-9,31357463344596	1,63275760639167
103,200000196695	5,99328942034057	6,91005913007376	-8,18327878061502	6,77351921458111
103,300000198185	11,7394983877226	11,4601434553044	-8,28497939406523	11,4138430288687
103,400000199676	14,1726325008326	13,7022486598338	-9,26159605307998	13,6802447645108
103,500000201166	14,9161129508377	14,4995550693162	-10,7351969006444	14,4865245874708
103,600000202656	14,2842063178976	14,0912580014061	-12,1643422461483	14,0809603290789
103,700000204146	12,0529644711149	12,3192140909148	-13,0091529331895	12,3064618924592
103,800000205636	6,94570788985257	8,34051120097947	-13,3712543441098	8,31112956251827
103,900000207126	-20,3567610158683	-2,61019117238629	-13,9855167051319	-2,93872091953476
104,000000208616	6,36489214853788	3,28117787499138	-15,6973522473559	3,22588194558654
104,100000210106	12,0303779007515	10,6114580677398	-19,5503250481855	10,6072719128767
104,200000211596	14,6178150734105	13,8648276608412	-24,2023630021386	13,8641498646339
104,300000213087	15,6349686722319	15,3183052214136	-18,5067003683322	15,316504801656
104,400000214577	15,4357194397407	15,4712385403063	-14,1957196053013	15,4665469178457
104,500000216067	13,9696983212868	14,3372057053364	-12,2281563067944	14,3276177186741
104,600000217557	10,6992299299133	11,4808350633107	-11,8829292599662	11,4607713794112
104,700000219047	3,11749936849386	4,99153928394628	-12,8569351951707	4,91967299441321
104,800000220537	-2,88224623408216	-5,89618124190877	-14,8476950451589	-6,48756097196485
104,900000222027	8,70595864691212	8,12146409003298	-16,6952923745601	8,10711494833141
105,000000223517	12,712123890951	12,5061017732226	-16,2902152593305	12,5003680164735
105,100000225008	14,4814273711265	14,4137834562245	-14,556254916592	14,4082746704459
105,200000226498	14,857541273825	14,8765697167645	-13,1806294754323	14,8697713550839
105,300000227988	13,9908320452812	14,1463370189739	-12,4612231549485	14,1368418441318
105,400000229478	11,6140094091665	12,1329398123306	-12,3046977405471	12,1172793946278
105,500000230968	6,50309037300974	8,31544731145531	-12,5676342190473	8,27986336263989
105,600000232458	-14,3312374868384	1,43947212459354	-13,129666788499	1,28510098361564
105,700000233948	4,9438820620172	1,82280060529594	-13,9069858116096	1,70512782251192
105,800000235438	10,6447277151089	7,50810330502084	-14,9418729177192	7,48332766501008
105,900000236928	13,1323206584912	10,2311460336072	-16,4433593148267	10,2217962581432
106,000000238419	13,9869197234807	11,209537356691	-18,6160622394409	11,205014107705
106,100000239909	13,543305967144	10,8373513535547	-21,1291007249385	10,8345890130401
106,200000241399	11,6632888951517	8,97212157875398	-22,5368052683508	8,96905223815055
106,300000242889	7,46527636804804	4,55967271257293	-22,4299584548408	4,55097798741759
106,400000244379	-5,06073206384313	-11,6702271921196	-21,4766768987488	-12,1498499711531
106,500000245869	2,48222003465204	2,63701721623541	-18,5467361779379	2,60382260050442
106,600000247359	9,67634722477887	9,25968530664691	-14,7420709026907	9,24236824289256
106,700000248849	12,7827837311076	12,4475950395754	-11,8450730622931	12,4314020551277
106,80000025034	14,1266576496459	14,0047517478062	-10,26427323123	13,9884702019638
106,90000025183	14,2176908972203	14,350483873714	-10,1092370128282	14,3349030278224
107,00000025332	13,0932256185684	13,4972460019313	-11,6643333157677	13,4839937762761
107,10000025481	10,3769421962879	11,0827155681574	-16,0150773188429	11,0742349211669
107,2000002563	4,44841711767472	5,68499967702911	-30,5132398428826	5,68395732965745
107,30000025779	-15,6780908222507	-6,49641601251748	-19,1604928879554	-6,73818981071602
107,40000025928	5,80213166224309	6,68027497547167	-13,6825074462073	6,64014108897443
107,50000026077	10,7637579499454	11,6927659307142	-12,1614421655807	11,6748491890916
107,60000026226	13,0178130289949	13,9755582241376	-12,999898273722	13,9668350458785
107,700000263751	13,7862215677346	14,7129918204265	-16,2116759535799	14,7094803169943
107,800000265241	13,3459176903045	14,1743118938762	-22,3038263214046	14,173334613107
107,900000266731	11,5776664413927	12,2284873844813	-24,3783715977474	12,2275386474572
108,000000268221	7,76160478768563	8,12064725250634	-22,1519354883393	8,11656659585937
108,100000269711	-2,04877313878637	-2,08067479544265	-23,5569284400328	-2,11169961500431
108,200000271201	-0,47095503837043	1,16986485594434	-21,0522071542117	1,14375032784229
108,300000272691	8,07430611488632	8,48297629117271	-14,9465038223919	8,46321460447917
108,400000274181	11,5077200626805	11,4714458523238	-11,3083209651402	11,4484867407063
108,500000275671	13,013946418808	12,6692405068742	-9,74007733708301	12,6442311574585
108,600000277162	13,223738668028	12,6698665364403	-9,93394269691223	12,6459555005554
108,700000278652	12,22222715352	11,5886573957445	-12,0924282230986	11,5700104475941
108,800000280142	9,69133148820782	9,19094828355125	-17,4948184405477	9,1816227469216
108,900000281632	4,25109897669122	4,42237933074774	-35,2180610197029	4,42190752430578
109,000000283122	-34,6879127018305	-10,7517174889956	-19,0034844781631	-11,4552944967157
109,100000284612	3,93049310962594	1,75327771907474	-14,740681614401	1,65480803157558
109,200000286102	9,324808415152	8,35332698001998	-13,7277170444633	8,32634783592306
109,300000287592	11,7434469775646	11,5939698664923	-14,3414286224139	11,5828832589305
109,400000289083	12,6074906235165	13,3018449359658	-15,4675666344871	13,2960755234419
109,500000290573	12,2335568846004	13,9074405943574	-15,959235379716	13,9029599473899
109,600000292063	10,5113559611124	13,4537623912392	-15,8342180362379	13,4486427181905
109,700000293553	6,70601149366755	11,691462703679	-15,6507222221816	11,6834465402044
109,800000295043	-3,34892616513206	7,73790743900952	-15,067991369342	7,71508642268585
109,900000296533	-0,896243310815622	-2,55031017201881	-13,8484283560485	-2,8849655580805
110,000000298023	7,5092723994116	3,22458217269996	-12,8176356741332	3,1151812231765
110,100000299513	10,992666484714	10,1136460818474	-12,834893825732	10,0915643088297
110,200000301003	12,6002146801855	13,1518372348997	-14,4484754714041	13,1442840407924
110,300000302494	12,9605414486933	14,3593398148099	-17,875792457384	14,3567432396006
110,400000303984	12,1888757143427	14,1888595281274	-18,6752116981471	14,1866131156409
110,500000305474	10,0642901645272	12,6074368947415	-14,4643705262965	12,5989053027291
110,600000306964	5,65172278456322	9,03676287217329	-11,6173170522524	8,99924390134535
110,700000308454	-7,21616231176217	0,774495272657828	-10,5295421282208	0,440313690192765
110,800000309944	0,818220323077574	-1,04269776718047	-10,9245129890339	-1,51360506629695
110,900000311434	7,7781482025746	7,58620805412268	-12,7879013017629	7,54617918860136
111,000000312924	10,7945343929166	10,855794014308	-16,4493504485334	10,8477091255868
111,100000314415	12,0918512737472	12,0759816161545	-23,0980274399826	12,0746619946472
111,200000315905	12,1705015913707	11,9553403395953	-29,7334104328549	11,9550459489852
111,300000317395	11,077712412439	10,6324593279503	-23,3698949479527	10,6307309636032
111,400000318885	8,48123296972909	7,86368117078111	-20,323788941374	7,85708385725005
111,500000320375	3,0019280441177	2,51331740705199	-18,6809404721095	2,4802032901835
111,600000321865	-23,6586068146083	-11,4421628157692	-17,2982521895471	-12,7478016030013
111,700000323355	2,57446091193367	0,674973458343267	-15,9700326421373	0,579906770137553
111,800000324845	7,94577503979706	6,22712159467444	-14,9101025240134	6,19356804304171
111,900000326335	10,3480206076985	8,85570482860803	-14,2859709309699	8,8345858818762
112,000000327826	11,2013438440313	10,0401160357603	-14,1663863663182	10,0235979501139
112,100000329316	10,8227121176122	10,1323292130531	-14,5216289390796	10,1174310339116
112,200000330806	9,10338526900931	9,08033198682442	-15,1903061394805	9,06405649883485
112,300000332296	5,31619833625858	6,39673314670526	-15,6990676256569	6,36984580245397
112,400000333786	-4,58257394842505	0,0888414963253443	-15,5912015963509	-0,0302055869278372
112,500000335276	-2,33017911623797	-8,1034325714468	-15,1128315009457	-9,06762190948003
112,600000336766	6,08586938899476	4,59202141080613	-14,9726823247116	4,54374605653568
112,700000338256	9,58902749523444	9,26751455135717	-15,7642070606839	9,25385945635615
112,800000339746	11,2152136816667	11,5659137085975	-17,9820559079889	11,5610916950298
112,900000341237	11,5920085968116	12,4365978003535	-22,3320215534011	12,4351490458078
113,000000342727	10,8294783513973	12,099542912357	-26,1300701299956	12,0988899988511
113,100000344217	8,6900051406806	10,4278401707802	-21,5405020472763	10,4250790326141
113,200000345707	4,16400926560464	6,7473832524516	-18,1465120809184	6,73328713878773
113,300000347197	-10,2740481370631	-2,33509624690952	-16,7404637376398	-2,49551073833717
113,400000348687	0,459342835863426	-2,56367036934727	-16,8020301058224	-2,73049605602594
113,500000350177	7,18158672511666	6,2984527844001	-18,1881031795294	6,28296808711132
113,600000351667	10,2208587488178	9,74662476662547	-21,122839440958	9,74306832487059
113,700000353158	11,6211810955407	11,2325516515149	-26,4776164503472	11,2318157760989
113,800000354648	11,869160687841	11,4554489651096	-30,6354216231328	11,4551806095048
113,900000356138	11,0408980274929	10,557638118821	-24,5009848093711	10,556282961316
114,000000357628	8,90789000773134	8,32187846925809	-20,7004427211822	8,31643564508372
114,100000359118	4,56471442538592	3,75052772171946	-18,9579178331663	3,72718743172696
114,200000360608	-7,73012299257301	-10,0558563945525	-18,8050531023679	-10,6775533378049
114,300000362098	-0,907572868356074	0,472161544033067	-20,4502826720363	0,436899963419378
114,400000363588	6,34977829617611	7,18816210794088	-25,276963640129	7,18569950235093
114,500000365078	9,48792425033917	10,3785789898552	-41,5324234518721	10,3785510203061
114,600000366569	10,8983563655038	11,9838651032664	-24,431862533465	11,9828736754081
114,700000368059	11,1167437341305	12,4857210182578	-19,377535149714	12,4828922320483
114,800000369549	10,2251933939961	11,9948092055996	-17,5196846980526	11,9899498591255
114,900000371039	7,97485573632772	10,407444979034	-17,3678835093323	10,4001903678257
115,000000372529	3,35499031352733	7,31713572231802	-17,3460100416772	7,30226908129388
115,100000374019	-11,0267959367852	1,49700058732142	-15,2019623492262	1,40312048220628
115,200000375509	-0,628846995485469	-4,48753971532173	-12,0406565601569	-5,32650887204828
115,300000376999	6,00112866895536	2,8834897664167	-9,60795594308129	2,6316221928187
115,400000378489	8,91684317030489	6,6841551479924	-8,24579294659575	6,5422940724916
115,50000037998	10,1601056299072	8,27696482609993	-7,94315316242782	8,17200822116708
115,60000038147	10,1929376185288	8,45984344508185	-8,71555640137797	8,37581252904532
115,70000038296	9,03168815719373	7,41072485437441	-10,6985503418397	7,34308001912901
115,80000038445	6,27206185392521	4,91143692648391	-14,2545066962401	4,85849075424302
115,90000038594	0,169761374407743	-0,0276324593617222	-20,2164459518188	-0,0694145717364628
116,00000038743	-14,8794908167007	-9,68233814761016	-26,5191440434221	-9,77325441660764
116,10000038892	2,59353769615105	-1,58387445245324	-23,0169889917304	-1,61521010173216
116,20000039041	7,5409576463197	3,71684266552362	-21,5030571276852	3,70376747796614
116,300000391901	9,95905677209009	6,34361327740544	-22,8211633066017	6,3383461966104
116,400000393391	11,0040237414682	7,60334313139751	-26,8288913404176	7,60177768163788
116,500000394881	10,9824738228268	7,86850865805329	-34,9593861611676	7,86828219041415
116,600000396371	9,88699722216338	7,14817330527163	-51,7744834765103	7,14816773958293
116,700000397861	7,38454637260397	5,08665653824303	-51,7895373270293	5,0866476223393
116,800000399351	2,20279023257528	0,35431650142128	-41,7396484352348	0,354048336957714
116,900000400841	-19,1858110214463	-15,3148151993948	-32,1335170363212	-15,406115274338
117,000000402331	1,01947354907591	0,864080024130193	-27,6488808854543	0,857959421077541
117,100000403821	6,85765099992557	6,9509093517744	-24,558281961585	6,94784019814068
117,200000405312	9,62101210826771	10,074383422765	-21,286053738194	10,0712072845558
117,300000406802	10,8959110348056	11,6775862295422	-17,9504931637118	11,6728523953504
117,400000408292	11,0917240447228	12,14932562358	-15,2754030766344	12,1414605165443
117,500000409782	10,2672343556107	11,5578523628578	-13,5215492838477	11,544346595642
117,600000411272	8,20597752771584	9,73315815624539	-12,6919953349558	9,70824009381462
117,700000412762	4,08641258483323	6,04387002926065	-12,7303710438476	5,98589301717669
117,800000414252	-6,72941249522487	-2,22852967110289	-13,4466327973352	-2,56965880809182
117,900000415742	-2,80744819166716	-4,37856872561347	-14,4316142813898	-4,83028947677591
118,000000417233	5,15357250357303	4,54643893870434	-14,9867312383849	4,49780981079871
118,100000418723	8,5716216410891	8,03666904824351	-14,8294113963017	8,01416290451316
118,200000420213	10,2312961149281	9,55934340499777	-14,5432907164309	9,54242472178605
118,300000421703	10,7498447984182	9,8751968689589	-14,7743237652062	9,86028343325158
118,400000423193	10,285020732634	9,20847567189714	-15,8616083380591	9,19494085217493
118,500000424683	8,7490856511699	7,53782982343877	-18,0832738674693	7,52591000069921
118,600000426173	5,70083289376648	4,55344968350382	-21,9660934832951	4,54375989285504
118,700000427663	-0,560093862497457	-0,706791832079695	-28,8725095396815	-0,713422297609984
118,800000429153	-16,9953978047186	-6,53034818893649	-32,1343875761594	-6,54231500390324
118,900000430644	0,922919381863305	0,191423340311469	-25,4298371667558	0,179503948559295
119,000000432134	5,68234520750644	4,67622743093636	-21,9650862576139	4,66680584667648
119,100000433624	7,83697549788823	7,09974470297538	-19,9604057445302	7,09119015780981
119,200000435114	8,55050902329133	8,23205132034928	-18,6833358006624	8,22320652550462
119,300000436604	8,08254170478276	8,25821652880337	-17,8723902162439	8,24761780767862
119,400000438094	6,29566509527786	7,02257426124461	-17,5692911523091	7,00746117345171
119,500000439584	2,41358740584289	3,81648741862902	-17,9649696520429	3,78757506681783
119,600000441074	-8,09785929787042	-4,84391012442999	-19,3487642963957	-5,00062531351829
119,700000442564	-4,36146901302309	-4,13256628204578	-21,8331781410455	-4,20694293846562
119,800000444055	3,85116513398046	5,1217948656708	-23,1232257451309	5,11528446481499
119,900000445545	7,42876643903167	9,06671315689048	-20,0209537628339	9,06135166484052
120,000000447035	9,22775719530875	11,0385238089467	-16,7531689467782	11,0312965044785
120,100000448525	9,87384284868629	11,7190737549507	-14,8963347546949	11,7095957425022
120,200000450015	9,52331418407182	11,2620842684189	-14,4306240402851	11,2503596266948
120,300000451505	8,07565919009586	9,52557284030284	-15,4408616575297	9,51171058829671
120,400000452995	5,03946473600828	5,88851211972548	-18,3962815715484	5,87228969338027
120,500000454485	-1,60123904070234	-1,6322272740446	-24,4578528044368	-1,65494459580221
120,600000455976	-12,8925627422949	-0,328458900286559	-24,6998218461707	-0,344360574729118
120,700000457466	2,09245537395626	6,41533142077684	-18,842659991993	6,40237058372022
120,800000458956	6,81522373637441	9,67770842574549	-16,1266570999284	9,66628177466835
120,900000460446	9,19814119225113	11,2393059119388	-15,3363918295549	11,2297407416124
121,000000461936	10,2955871349739	11,662394444676	-15,7617184842797	11,6545282213841
121,100000463426	10,4052596626791	11,1080330119815	-16,4825518163214	11,1004628655405
121,200000464916	9,54886403027984	9,50456817059952	-16,1583661343879	9,49276276215279
121,300000466406	7,4963831813134	6,47101319761421	-14,8495187687022	6,43885155628272
121,400000467896	3,4282633473477	0,845632891533302	-13,7866325144449	0,693528841925575
121,500000469387	-7,21160373307517	-4,25268748457183	-13,5901795446913	-4,79052288617573
121,600000470877	-3,56120230844902	3,11766365762535	-14,4701253797846	3,04131219025529
121,700000472367	4,60760081040952	7,3656103123571	-16,6430813207153	7,34832093592634
121,800000473857	8,17938272347867	9,66532830086656	-20,6475920171398	9,66128538773918
121,900000475347	10,0149304538857	10,8383509395507	-28,5800640408413	10,8378543842289
122,000000476837	10,7511506572723	11,1871099037022	-37,0354394954577	11,1870445104945
122,100000478327	10,5697375125048	10,8096723429099	-26,8258692211888	10,8089237122907
122,200000479817	9,43180852115283	9,67096516034933	-24,0140905040322	9,66910576512447
122,300000481308	7,03325543328148	7,58808238856136	-23,4513553545819	7,58466250342212
122,400000482798	2,31925231010012	4,15282281962749	-24,0466475460411	4,14624372416598
122,500000484288	-12,4628599496178	-0,491884352361909	-25,3711820869807	-0,506028003265575
122,600000485778	-1,24392389753924	0,865909946867716	-27,1702759645844	0,859078585751115
122,700000487268	5,47390879594456	5,50848669433852	-29,1072182508197	5,50698601173261
122,800000488758	8,65256073129266	8,5571182570064	-29,7483982995009	8,556476656445
122,900000490248	10,3127792639768	10,3540016393972	-27,9834795829043	10,3533647441126
123,000000491738	10,9788542076864	11,2238379948216	-25,5141402253395	11,2229174763358
123,100000493228	10,8184892393067	11,2985105613822	-23,4819117025129	11,2970657394551
123,200000494719	9,82925222484713	10,5811883382611	-22,0064460485581	10,5787942477152
123,300000496209	7,83794666961307	8,95636494618284	-21,0250472952802	8,95200118216334
123,400000497699	4,31160696338991	6,08516462361468	-20,4309849786843	6,07546724996969
123,500000499189	-2,80289189007944	0,99243908027836	-20,0508848152063	0,958149253989427
123,600000500679	-14,3352893279276	-8,75508456870249	-19,5092766925956	-9,13640642296305
123,700000502169	0,0595307181023498	-2,2624056578541	-18,429665648172	-2,36866334639862
123,800000503659	4,28693585091452	2,83367464265651	-16,8898767194866	2,78714242955092
123,900000505149	6,11652660397066	5,01811262168582	-15,3507985073199	4,9780355936085
124,000000506639	6,5400831578936	5,62108945429569	-14,1807743747836	5,57539318570549
124,10000050813	5,73777348940715	4,9526158822544	-13,5677646943131	4,89112408084219
124,20000050962	3,43686179607612	2,86433242494056	-13,5954048341611	2,76507476869647
124,30000051111	-1,67731702138179	-1,39114759737753	-14,3027075640762	-1,6191710968383
124,4000005126	-30,6273218446746	-7,14683373546051	-15,7288503593489	-7,79484155184954
124,50000051409	-1,74068548634177	-1,27300140534919	-17,9365261163902	-1,36765914525373
124,60000051558	4,18810588510989	3,6934873142813	-20,9164753797467	3,67843718151142
124,70000051707	7,19455209472139	6,53079437749223	-23,9106529940853	6,52686941231829
124,80000051856	8,80182516230208	8,1263500868852	-24,5948033680905	8,12402849947473
124,900000520051	9,43782295539371	8,82914570319972	-23,0828166938726	8,82634847482186
125,000000521541	9,22457540543407	8,75615781880115	-21,5606476575408	8,75211852249096
125,100000523031	8,1068587103355	7,868478946442	-20,6312354844836	7,86233963312854
125,200000524521	5,79421852383899	5,92555951367452	-20,2907562581999	5,91516815828208
125,300000526011	1,33338942389658	2,18734704453058	-20,3750019594769	2,16320600853713
125,400000527501	-11,3115842102157	-6,15609020128615	-20,6580607312325	-6,31291138331398
125,500000528991	-3,73348651574873	-3,84565551615834	-20,705266785514	-3,93609063082421
125,600000530481	3,55898390498105	3,8090039653995	-20,0818917497954	3,79123824909175
125,700000531971	6,90816021596955	7,5810706263279	-18,7255940389262	7,57089346630251
125,800000533462	8,65372016559233	9,65095039282719	-16,8942206554367	9,64131767689338
125,900000534952	9,3624982697951	10,5996620918514	-14,9298318519647	10,5874878061607
126,000000536442	9,20200588222614	10,5902339908676	-13,0670909010752	10,57148452249
126,100000537932	8,14219304238396	9,58340657179887	-11,4790110659706	9,54926776248305
126,200000539422	5,92431136588634	7,30962547776197	-10,269673952066	7,23312328863609
126,300000540912	1,69769317606897	2,9934174317308	-9,51234503435552	2,74240321073685
126,400000542402	-9,20152241425301	-4,15472696426028	-9,25949445830542	-5,75800165335182
126,500000543892	-4,87960091987073	0,517770780580454	-9,57794846956256	0,0707022809870913
126,600000545383	2,97903801263826	5,62890000073833	-10,5627758535841	5,52324531800184
126,700000546873	6,47914490225752	8,21102408133346	-12,3786599914894	8,17294218138847
126,800000548363	8,29357555659303	9,35286889283413	-15,3267471621786	9,33805862171303
126,900000549853	9,03768051365502	9,44353671980716	-19,7391804030324	9,43829136535993
127,000000551343	8,88813036235453	8,57521383155346	-22,5631694655174	8,57187101062946
127,100000552833	7,80616654483933	6,61378160695826	-19,0833688714752	6,6020689677999
127,200000554323	5,4930828289706	3,0035008165115	-15,9865584251146	2,94835242005038
127,300000555813	0,91947743462694	-4,54438867605123	-14,3078547785635	-5,02905834006929
127,400000557303	-13,1281843518406	-7,82312326184483	-13,6645153889319	-9,13392840457636
127,500000558794	-2,67840095746988	1,78275373459655	-13,8323303063274	1,6618874405081
127,600000560284	4,29050197088284	6,09778933692961	-14,6544038069802	6,06111201880496
127,700000561774	7,69578893191065	8,62798497429734	-15,9616139348202	8,61286398344832
127,800000563264	9,61543548343817	10,1879894430719	-17,3513716873967	10,1803294011922
127,900000564754	10,5982367671917	11,0585035287296	-18,1365630587108	11,0532730775973
128,000000566244	10,8424828517968	11,334496130019	-17,9737697588766	11,329400328692
128,100000567734	10,4002557007628	11,0138043714645	-17,4479464175312	11,0076111179428
128,200000569224	9,21709323561599	10,0065244964538	-17,2297423474471	9,99831023967165
128,300000570714	7,09169267462758	8,09202298697526	-17,7023384974127	8,08056994931199
128,400000572205	3,46964025100062	4,73064557404102	-19,1295759505829	4,71275367467971
128,500000573695	-3,75653660241767	-1,86456505437342	-21,8899791716274	-1,90795715732707
128,600000575185	-14,6605546468973	-9,43828534851688	-26,4722614956225	-9,52512568110785
128,700000576675	-0,599595025806209	1,11268719282815	-28,6564437432151	1,10810471553745
128,800000578165	3,68236320201494	5,35096766867033	-24,0550659514149	5,34598536676201
128,900000579655	5,64611308947904	7,3267847451925	-20,7688777874243	7,32004637396865
129,000000581145	6,28721835584723	7,94308241214106	-19,075204470952	7,93444492476234
129,100000582635	5,83058032950468	7,39937302521544	-18,4892597320423	7,38816623468167
129,200000584126	4,13839978087804	5,52525438567268	-18,6704870239607	5,50869524237438
129,300000585616	0,478182273426418	1,5282389372641	-19,127923266158	1,49073802893409
129,400000587106	-9,17996113883593	-6,73581311005398	-19,0946353634244	-6,99572914636577
129,500000588596	-6,87728110896555	-1,09730982147562	-18,1169438253087	-1,18444031055555
129,600000590086	2,07361311984931	5,12393674311465	-16,6352994737283	5,09487558366402
129,700000591576	6,14897039229928	8,45080513954868	-15,2028520089466	8,43203979573735
129,800000593066	8,51400243535294	10,344983774621	-13,9852947184653	10,328930676151
129,900000594556	9,87962037570379	11,2914209928102	-12,9738894111366	11,2751254890306
130,000000596046	10,503404046257	11,4742853544521	-12,1510636160116	11,4553970276459
130,100000597537	10,4790812941612	10,9461819516032	-11,5847818086505	10,9218653321123
130,200000599027	9,80508865389464	9,66096616792336	-11,3924020578053	9,62675586806319
130,300000600517	8,3831018034531	7,4542679165583	-11,7268400062392	7,40150742013566
130,400000602007	5,94391304720375	3,93195035567798	-12,7614654585416	3,83794895555957
130,500000603497	1,73275557601976	-1,66600367307675	-14,7245327116271	-1,88624402328742
130,600000604987	-7,80127005284879	-4,91774847954053	-17,853395354277	-5,14447730959967
130,700000606477	-8,23512964814873	0,0750623320951574	-21,3829324398539	0,0439063315449308
130,800000607967	0,774282749164302	3,30705825982695	-21,1067556536948	3,2913115429909
130,900000609457	4,34667104990095	4,92971226271695	-18,7005729823035	4,91084543922382
131,000000610948	6,05469854019094	5,53194919356306	-17,5817986989355	5,5106936671615
131,100000612438	6,59872730378459	5,36292689647448	-18,1969702887005	5,34375111689399
131,200000613928	6,13967545122794	4,47204883927402	-21,0933142316364	4,45997482833765
131,300000615418	4,54325950037434	2,71535337729693	-29,4199989794454	2,71269643626435
131,400000616908	1,18253173622308	-0,333514390128262	-29,9758715834036	-0,338232678549114
131,500000618398	-6,85327893421822	-4,97566627886963	-20,6872699440743	-5,09383953703948
131,600000619888	-8,66437685289951	-3,89055043603423	-17,1120662183569	-4,10247728775622
131,700000621378	1,47199006374273	1,65134828586446	-15,6617049953248	1,56996375674431
131,800000622869	5,88986784592568	5,42974588729814	-15,5848424768449	5,39522751964215
131,900000624359	8,47093041745155	7,88602966925006	-16,5391796358719	7,87032429054363
132,000000625849	10,0268343789362	9,42159451289479	-17,9233534406952	9,41358345247181
132,100000627339	10,8493110414086	10,2263154375512	-18,2687833718219	10,2201695913709
132,200000628829	11,0543311331256	10,3754860794843	-16,9478820858245	10,3674350765908
132,300000630319	10,6664166857216	9,87416431208885	-15,3347398347899	9,86105592821766
132,400000631809	9,6327605570469	8,65301491898374	-14,3267933087072	8,63109195979522
132,500000633299	7,7893247422102	6,52900855270316	-14,0861624500701	6,49115045910295
132,600000634789	4,720071146764	3,08761920538585	-14,5949035075265	3,01292942596321
132,70000063628	-0,91057845515092	-2,32528530674701	-15,7994261627885	-2,52495655757426
132,80000063777	-24,6373341445025	-4,0538961027219	-17,5777819478454	-4,25124086363378
132,90000063926	-2,45430038246398	1,09785622429949	-19,5401741584842	1,06019773997015
133,00000064075	3,2489481559512	4,45033632960871	-20,7934566886856	4,43733298673012
133,10000064224	5,9851901109833	6,31556246253312	-20,6124750343745	6,3067434199601
133,20000064373	7,33085633452996	7,18270814748915	-19,5619296001679	7,17350830382052
133,30000064522	7,70581949132714	7,23237565021327	-18,4556640810538	7,22063838090477
133,40000064671	7,20098900984019	6,45448102507817	-17,6327018930126	6,43750192383455
133,500000648201	5,68659936510337	4,62310453407395	-17,1968984546894	4,5944485038807
133,600000649691	2,64944923422422	1,03662799150481	-17,2078150268934	0,971071802946207
133,700000651181	-3,98795410121283	-6,51031925591874	-17,6789341115677	-6,85551736840298
133,800000652671	-13,6909843177164	-3,65453818649832	-18,4874575455201	-3,79965849260934
133,900000654161	0,568092767210861	3,66708548595426	-19,2423398513372	3,64480342261634
134,000000655651	5,60399128856084	7,71075515554341	-19,3368072166058	7,70217575441778
134,100000657141	8,47644157777024	10,2553802152096	-18,6379289927092	10,24977317446
134,200000658631	10,2417313141882	11,8735291220469	-17,7252780615059	11,8687632556389
134,300000660121	11,2557416716679	12,7882326085289	-17,1498642561731	12,7838250815175
134,400000661612	11,663595682421	13,0859505960855	-17,1499521899114	13,0818353123798
134,500000663102	11,5124192430985	12,7752069167907	-17,796096276889	12,771397623229
134,600000664592	10,7786284482108	11,7938837024353	-18,9642003902187	11,7902348329234
134,700000666082	9,35338737975089	9,97062799721126	-19,9904806044453	9,96624377413285
134,800000667572	6,96406500342695	6,87964727582399	-19,6206728302416	6,8699144522509
134,900000669062	2,86127831007403	1,15740632577063	-17,7848465183223	1,10164357605415
135,000000670552	-6,4157514034289	-15,4824334995228	-15,693966983437	-28,7118228392015
135,100000672042	-6,73257916425723	0,327601150587847	-13,9485265534017	0,162247808820578
135,200000673532	2,5098358336041	5,80235957725558	-12,6537924782084	5,73994499075689
135,300000675023	6,45470112905069	8,56171256721414	-11,7789740775383	8,52137301591875
135,400000676513	8,65964736283346	10,0804423754371	-11,2936943235963	10,0486767100685
135,500000678003	9,87984102438918	10,8228280005681	-11,1850097322578	10,7953887796228
135,600000679493	10,3820957870174	10,9860937166432	-11,4764358931581	10,9613897915919
135,700000680983	10,2613599725749	10,6496306310495	-12,2069745435322	10,6270752028054
135,800000682473	9,51399477343257	9,81664604400638	-13,4504819057891	9,79612984408199
135,900000683963	8,03580220882272	8,40809601973299	-15,3066302411163	8,38959326062329
136,000000685453	5,5417551252686	6,21739987828945	-17,8895681216404	6,20049810289972
136,100000686944	1,222329348398	2,75776296666827	-21,0797421038346	2,73977704116892
136,200000688434	-8,68797713713848	-3,05076511589985	-23,5205856185681	-3,08991751783328
136,300000689924	-6,1852497196219	-5,35631581616046	-23,1707584572927	-5,428752211933
136,400000691414	1,76818923664687	1,08351944748219	-21,7793499251851	1,06099661384183
136,500000692904	5,40289333747051	5,00643830444253	-21,0354924166466	4,99562067730013
136,600000694394	7,4171998567468	7,30250757068124	-21,2202706878876	7,2964007975188
136,700000695884	8,46793138649909	8,58582334537051	-22,3427525903539	8,58231500175104
136,800000697374	8,78647296672778	9,09291564145311	-24,4724519860895	9,09100427872396
136,900000698864	8,43856941152879	8,89106997191807	-27,8793197267952	8,89015629842776
137,000000700355	7,37651986375463	7,92579682654506	-33,2983833014649	7,92546919728585
137,100000701845	5,40184464548988	5,98332384127113	-44,0550713264641	5,98328079386904
137,200000703335	1,95551263300665	2,4676633968088	-43,4352465345073	2,46755183927724
137,300000704825	-5,12201195980964	-4,50034357247901	-37,7098723795986	-4,50241817621977
137,400000706315	-14,4642604982707	-5,78976732966952	-36,3470407041596	-5,79358895442101
137,500000707805	-0,884273899101759	2,08695830000742	-36,5673666932269	2,08636621861068
137,600000709295	3,812815090655	6,1059336103705	-34,8633264329218	6,10558617368066
137,700000710785	6,36630318598174	8,42144207487469	-29,9107342396387	8,42080440108998
137,800000712276	7,79599168473064	9,7233367427596	-25,159223375841	9,7219255093182
137,900000713766	8,42955697552818	10,2659496925802	-21,4196713162949	10,2630027644222
138,000000715256	8,37226179736263	10,133458639113	-18,5404014244253	10,1275607967078
138,100000716746	7,60021740587323	9,29538989616035	-16,3787756226515	9,2836150194033
138,200000718236	5,93962254588347	7,58454254064597	-14,8347681514715	7,55959083548254
138,300000719726	2,88479934044041	4,53482598402702	-13,8446417209794	4,47129136959018
138,400000721216	-3,42196316652634	-1,44086503323797	-13,3621316054652	-1,72926682009397
138,500000722706	-14,4080688707608	-11,8331525103028	-13,3651982825561	-17,1018054700041
138,600000724196	0,141591408715418	0,770652799937961	-13,8247692127247	0,617229725690753
138,700000725687	5,39272896777896	5,96065800220424	-14,7114149039699	5,92329482149781
138,800000727177	8,44325735522674	8,89416585522589	-15,9382413671437	8,8798684158108
138,900000728667	10,4110044662368	10,7203070774229	-17,3251184191422	10,7134902459308
139,000000730157	11,6759689840306	11,8350547224663	-18,5728294057757	11,8310992929052
139,100000731647	12,4044419428521	12,4120766667289	-19,3976710932865	12,4092128005493
139,200000733137	12,672565534138	12,5307133101609	-19,8642080206925	12,5282105610852
139,300000734627	12,5053246678289	12,2140633843949	-20,2951529408952	12,2116256602479
139,400000736117	11,8869621798376	11,4341457558623	-21,0294330527741	11,4316822726971
139,500000737607	10,7539600613172	10,1012495355927	-22,2687936296447	10,0987324044364
139,600000739098	8,9631561294791	8,01085323795825	-24,1323090664115	8,00820107208539
139,700000740588	6,19194986256748	4,68212529267883	-26,7886211885461	4,67902883979123
139,800000742078	1,54212552316877	-1,39085812322987	-30,5643073202821	-1,39611469009847
139,900000743568	-9,90869859898606	-10,94297118783	-36,7527129058678	-10,9543836838566
