******************************************************************
**************************ПРОЕКТ РАСЧЕТА**************************
******************************************************************
Раздел 1
Дата сохраниения: 	05.02.2018
Частота сканирования: 	10000000000
Начало сканирования: 	0
Конец cканирования: 	180
Шаг сканирования: 	1
Угол наклона: 	0
Траектория сканирования (горизонтальная(0), вертикальная(1), косая(2)): 	0
Тип токов (постоянный ток (0), Синус на пьедестале (1), Разностное распределение (2)): 	0
Электрические токи на аппертуре: 	0	0	0,00265	0	0	0
Магнитные токи на аппертуре: 	0	0	0	0	1	0
Использовать токи: 	
Конец раздела 1
Раздел 2
Структура стенки обтекателя:
Слой 1
Диэлектрическая проницаемость: 	1	0
Магнитная проницаемость: 	1	0
Толщина слоя: 	0,01
Конец раздела 2
Раздел 3
Координаты обтекателя: 	
3,06151588455594E-17	-7,49830360911069E-33	0,5
0,5	-1,22460635382238E-16	0
0,494910720940466	-1,21214162687702E-16	0,0711574191366424
0,479746486807249	-1,17500119193624E-16	0,140866278420715
0,454815997677259	-1,11394112115127E-16	0,207707506500943
0,420626766415591	-1,03020442148059E-16	0,270320408727798
0,37787478717713	-9,25495730652783E-17	0,327430366972642
0,327430366972643	-8,01946615658182E-17	0,377874787177129
0,270320408727799	-6,6207218019185E-17	0,42062676641559
0,207707506500944	-5,08719864395317E-17	0,454815997677259
0,140866278420715	-3,4501147918664E-17	0,479746486807249
0,0711574191366427	-1,74279655192669E-17	0,494910720940466
0,494415413112564	0,0745211330880873	0
0,47778640289307	0,147377587205452	0
0,450484433951209	0,216941869558779	0
0,413119387157997	0,281660029031811	0
0,366525935914913	0,34008636888546	0
0,311744900929366	0,390915741234015	0
0,249999999999999	0,43301270189222	0
0,182670512183197	0,465436874322103	0
0,111260466978156	0,487463956090912	0
0,0373650467932111	0,49860189859059	0
-0,0373650467932133	0,49860189859059	0
-0,111260466978159	0,487463956090911	0
-0,182670512183199	0,465436874322102	0
-0,250000000000001	0,433012701892219	0
-0,311744900929368	0,390915741234014	0
-0,366525935914914	0,340086368885458	0
-0,413119387157999	0,281660029031809	0
-0,45048443395121	0,216941869558777	0
-0,477786402893071	0,14737758720545	0
-0,494415413112565	0,0745211330880852	0
-0,5	-2,38126033648423E-15	0
-0,494415413112564	-0,0745211330880897	0
-0,47778640289307	-0,147377587205454	0
-0,450484433951208	-0,216941869558782	0
-0,413119387157996	-0,281660029031813	0
-0,366525935914911	-0,340086368885462	0
-0,311744900929364	-0,390915741234017	0
-0,249999999999997	-0,433012701892221	0
-0,182670512183195	-0,465436874322103	0
-0,111260466978154	-0,487463956090913	0
-0,0373650467932088	-0,49860189859059	0
0,0373650467932157	-0,49860189859059	0
0,111260466978161	-0,487463956090911	0
0,182670512183201	-0,465436874322101	0
0,250000000000002	-0,433012701892218	0
0,311744900929368	-0,390915741234014	0
0,366525935914915	-0,340086368885458	0
0,413119387157999	-0,281660029031809	0
0,45048443395121	-0,216941869558778	0
0,47778640289307	-0,147377587205452	0
0,494415413112564	-0,0745211330880868	0
-0,114464265847379	0,30628566350833	0,378268455165485
0,117182903846276	-0,347707246285856	0,339658413595868
0,18176094680994	0,304527263165431	0,352457237411472
0,178483882019317	-0,311938040597714	0,347617840001593
0,227085920902759	0,239048295497526	0,375882823427027
0,338623419808159	-0,26221041436392	0,258030769786336
0,311942935462887	0,271564037574635	0,280970778749249
0,459480561351363	-0,155510747962415	0,121218897076348
0,474724562174246	-0,106966610467549	0,114868334686084
0,466456353982672	0,138681151242309	0,114830344941136
-0,358394815949535	-0,0435291982572721	0,345916702111329
-0,236950785133991	-0,410987500180943	0,157935430221988
-0,303939147254563	0,327401206905986	0,22456501170635
-0,349272174979096	-0,276029044602421	0,227633289132425
0,036395614390456	0,470010279167894	0,166630419580758
0,087724422425148	-0,455545311299204	0,186501729384706
0,17072961188502	-0,430976545075176	0,187378273075229
0,355254460761623	-0,331335381213704	0,118368632943603
0,198679829083492	0,113853496755045	0,444481390827562
0,219901336425632	-0,103834907624018	0,436877230119553
0,284365925509072	-0,105308336277047	0,397550216601537
0,365043801590688	0,323370650124096	0,110337870010881
0,398840049845206	-0,282826565839753	0,104574128228571
0,341493350514518	-0,103533509288609	0,350232928218856
0,379873581446041	0,12588279813129	0,299749200589418
0,391019670384067	-0,0919098572164801	0,297751902628987
0,440911573091525	0,0524293815162097	0,22988724337767
0,428901091487455	-0,0575800601002286	0,250456364262767
0,458252663364771	0,0974139267430792	0,174685498526889
0,437585268516396	-0,223647434828824	0,0922006381318528
0,469034362133228	-0,161946457428671	0,0614826159542623
0,0530479554820483	-0,34722379568664	0,355839219491243
0,485359748470005	0,105949799224253	0,0565734443840361
0,487272338712872	-0,0975538783734467	0,0552169243944871
0,483067993614763	0,0619361788892758	0,113177839215999
-0,0602966087903356	-0,271603766408937	0,415446402127717
-0,128714895651049	0,131121123353853	0,465015834835722
-0,237621069124454	-0,295114011371319	0,326257486964637
-0,137067578284003	0,46590133352473	0,118947158029259
-0,363646403445904	-0,205113764589151	0,275117496420938
-0,359487307130802	0,178371201789029	0,298249208522306
-0,477356023444534	-0,00748292332840403	0,148577362810363
-0,149064182987474	-0,381233505393317	0,287125205643463
-0,409532731106944	0,258555247374634	0,124226109200638
-0,0250236438713664	-0,420068811461511	0,270029648158703
0,222290049616544	0,370555365691552	0,251546923651781
-0,119397996274903	0,384825643448353	0,296063072047325
-0,0953772296408496	-0,483573459092793	0,0840231737502649
0,111948577077992	0,407374891550259	0,267419546452064
0,113788787835892	0,469111078636661	0,130333831614002
0,0529865632168768	-0,423584202433579	0,260324504354033
0,0252435753194436	-0,494724773049891	0,067898165187472
0,00240207294345344	0,403971849700179	0,294620051414343
0,199677262072675	-0,386217543929144	0,24691091464838
-0,0753438798149865	0,488899979128643	0,0728018556249564
0,179733759291028	0,211245285841741	0,41601827481585
0,194722807724695	-0,211525970547913	0,409071866467953
0,225004700926306	0,167402371514562	0,413943632119597
0,284421048600291	0,354499162241087	0,208410678909404
0,116595306034507	0,057545423733998	0,482798155358939
0,279032929927329	-0,353777901689841	0,216752901461787
0,330480886189277	-0,330430941765857	0,177757634399424
0,33514787513021	0,329582410582134	0,17044452596248
0,307388392687528	-0,155045988360961	0,362592219351368
0,0671971146021905	0,493288130112588	0,0463828468204195
0,388336244047097	-0,231808534348697	0,21321295683542
0,408550887347061	-0,247606681072069	0,147570674378088
0,367287829070877	0,245749926570908	0,233894472373325
0,195834643859234	-0,455907536887993	0,0616206951701369
0,296115757191858	-0,280876918346705	0,288831464841958
0,430958094482144	-0,180575707812278	0,177953742721006
0,280443206704316	0,407082910231705	0,0750673831346613
0,26733419928574	-0,414067939210946	0,0841437318512379
-0,258241469107211	-0,372066203921804	0,211844479589551
0,396944106268499	0,185010076938876	0,241260539520605
0,361824394304701	-0,0491689461585834	0,341563350521819
0,418431416501402	-0,126100898085238	0,242927382537923
0,35509643793227	0,0595378451581017	0,346931931020688
0,246762646373762	0,292295909556433	0,321980275189639
0,405043215883814	0,0546491111966763	0,288016436878022
0,401155429441586	-0,0420757110199428	0,295472428445876
0,422316144667415	0,228252521849286	0,139820814697571
0,306844895451883	-0,0478686583359809	0,391860691680393
0,308378366632956	0,0690890864021112	0,387465457986788
0,387676371625766	0,311282967739935	0,0530089131948601
0,465745561500699	0,0450343654791527	0,176218551430572
0,486903376987511	-0,0551317793556783	0,0994262962361315
0,338661807456314	0,362255079227025	0,0638704763145213
0,335831012294321	-0,36422564868929	0,0675070960583979
0,416630879857701	-0,272078745960043	0,0489067065524637
0,249168080805092	-0,0543711446094637	0,4300686528239
0,385420867253125	-0,315739757012246	0,0419423524339941
0,495118909318571	0,0500949516638877	0,0484537042235304
-0,038348286827206	0,464236054493721	0,181698361592837
-0,134543652874903	0,442523027347181	0,189924658058304
-0,0647149504086712	0,236016975747881	0,436013718078259
-0,218282507997509	-0,192074376908263	0,406767968795012
-0,12169234758949	0,262680658437493	0,407663886334078
0,0985680996625384	-0,132463171263191	0,471951097029993
-0,436725676303734	0,0899963719886558	0,226210823538409
-0,339460095034387	-0,150597054570089	0,334794520615345
-0,212070712213569	-0,0470691580055168	0,450344876051545
-0,100996986104377	-0,00609639921708513	0,489655432640564
-0,438571912055747	-0,121404105926736	0,20716109919552
-0,313364127605752	0,352221291019344	0,166562557865062
0,0380762985574975	0,13972754490174	0,478567036771122
-0,461918364747176	0,114108037070357	0,153657997465947
0,0758860242090103	0,386256099967669	0,30829780499951
-0,210978064932066	0,31458061830451	0,326385187630617
-0,462971465980078	-0,12979227044331	0,137154614291421
-0,406301581551684	-0,0211162961140279	0,290642610205429
-0,239177088431823	0,356433332731838	0,256416847509969
0,0613356718238335	-0,268621013064535	0,417229776864142
-0,396694960915475	-0,131470578333114	0,274496985442511
-0,313511270018289	0,151390011438743	0,358875672076134
-0,236052166933023	-0,343241134013717	0,276522871399822
-0,396641481354525	0,225377442952619	0,204647363718732
-0,321289839969883	0,0828224934684739	0,374049827306191
-0,389708804690159	-0,239312366901789	0,202130251557829
-0,360261501773935	0,293916364015888	0,183915255765445
-0,300714470096585	-0,276601323264824	0,288205682530165
-0,217224136213502	0,446442439408162	0,0591846512331352
0,159738698633228	0,367653127733623	0,298855693983981
-0,297422066701718	-0,365725767650214	0,166687663357372
-0,0241600212116761	0,48372660147706	0,124196893674941
0,16020222256552	-0,0841733543266189	0,466100948622155
-0,389737054950261	0,306745547700276	0,0633419052820064
0,0950745562003932	0,122816871328349	0,475265025938596
-0,309268392914846	-0,0561778129705311	0,388840731500336
0,261401770230084	-0,209172761025904	0,37137026074442
-0,257086616704907	0,411813096652886	0,119651347407309
-0,282094439569659	0,281484757188214	0,301975261626797
0,209946789335412	-0,253789454009012	0,376182480561707
0,0180358858537535	-0,385788989157731	0,317555605628567
-0,494535048025781	-0,0308455408014457	0,0669599797401748
-0,201401900754054	0,12346445764524	0,440674258461986
0,143378196509014	-0,462739790384428	0,123752087500769
-0,114034771610348	-0,341001047652295	0,347439716157801
0,24190018181222	-0,154558502692519	0,409384869389016
-0,198589815602488	0,430336352564072	0,159288131387183
-0,082542876978246	0,347611831680638	0,349789490888143
0,0819422723895638	-0,384082285265584	0,309461244973908
-0,0740580566992134	0,446584896697903	0,212314234754196
-0,304951808347755	-0,325620894820919	0,225777384698862
-0,349158399815156	0,253106198221514	0,253032931177686
-0,180493624362316	0,403347654573319	0,233950253504367
0,140106426626261	-0,268648183052493	0,397741552972045
0,0504827823146567	0,423194555044282	0,261453355822111
-0,0817081744756437	-0,447938545330655	0,206578880408706
-0,251387477737299	0,385652695312555	0,195131582874327
0,273353479194233	0,323693585392907	0,265518997790917
0,121999352207778	0,288771396890502	0,389521807346894
0,172217253222062	0,257329442973971	0,392584736676496
-0,0628969812772263	-0,372021810549604	0,328091057820245
-0,17690109974019	-0,321249895750654	0,339859537737144
0,12351936536891	-0,413816109451528	0,251990463980808
0,160085928542987	0,409275046591665	0,238466835681442
0,315364275698238	-0,221957260519142	0,318245735424944
0,286383029190245	0,230942845221884	0,338600299516466
-0,287046360744157	0,406836977649707	0,0456952995436866
-0,166692118404679	-0,449597445703513	0,141689359087537
0,331268128088066	0,302769448329387	0,220436132408793
0,239968629481779	-0,404846685642788	0,168861534958931
0,000756848632129804	0,442294213034504	0,233185025883603
0,127725088335161	0,227405298579339	0,426583089195782
0,161416146891363	-0,367382112185704	0,298287128734575
0,0181319084880721	-0,481283100315933	0,134304918915368
-0,00571864575652428	-0,344499866415023	0,362335671899335
0,175894841255902	-0,151479856494868	0,442848572195796
0,365979030509589	-0,159077516675756	0,301253535938645
-0,189474918578675	0,451166202614918	0,102704979663301
-0,350014975651183	-0,307300098189926	0,181813548649059
0,304769203317544	-0,370645797810305	0,140489947237345
0,469150569531205	0,163379235133604	0,0566124424107002
0,214673262121509	0,337068927738872	0,300499465029602
-0,083634202121547	0,470219285220336	0,1479835938284
0,204197951764531	-0,44002873032058	0,121152436985926
-0,10012907904697	-0,466282038977904	0,150183979358032
0,416499772620869	0,264351190854747	0,0815253782600357
0,461020460547186	-0,0860094810950197	0,17338542072108
0,075179930536528	-0,47974979151959	0,1191138765276
0,000813526580161725	0,496278513380163	0,0608849351784064
0,052976984605554	0,487051157348041	0,0998729654513017
0,196878613885162	-0,0508856242639525	0,456781637807306
0,367921359671657	-0,286749340027161	0,180024134746837
-0,198914579050442	-0,40131156651273	0,222220648960182
0,24495759021479	-0,329148784888307	0,285756638422827
0,0901449677736555	0,443100111574818	0,213392070863634
0,309704092314529	-0,314383979525679	0,235044865124154
0,00718752156746988	-0,460260817096466	0,19521352355667
-0,27878890950865	-0,412172206148446	0,0488959754346021
0,298209943305589	0,375357739248246	0,142047165758854
-0,075874524849756	-0,0881981164168051	0,486275794934676
0,0145397311855818	-0,215664723151924	0,450862865409046
-0,175993135140661	0,202292983170637	0,422023654957024
-0,295415107590386	-0,110531997545641	0,387959523308722
-0,486092834442628	0,0983299194848283	0,0636001826855775
-0,485296379162216	0,0462954879366526	0,111104240102483
0,0715648754667827	0,192477820979776	0,455884587401572
-0,479945997884028	-0,0776697586763723	0,116701532561738
-0,0454966196166475	0,0391816554545903	0,496381763846433
-0,0927189277324489	0,198257761202363	0,449552066576466
-0,356157136645075	0,326963357807907	0,127463942618137
-0,110851624682284	-0,145031358233945	0,465486651187889
-0,00984385772771082	-0,266588555665533	0,422887266837395
-0,0170003110101992	0,104695136466144	0,488620423054432
-0,0862860156408675	0,0785112550529728	0,486200273894237
-0,461234525254822	0,0475164432210718	0,187095965580708
-0,426939362301651	0,036650131271568	0,257642288445116
-0,462792777142257	-0,0700090617453435	0,175845320377012
0,150520484197242	0,103882746271042	0,46535143586779
0,102809435586477	-0,205354336771606	0,444139410910002
0,382567148146337	0,27641498996476	0,16503675494253
0,0445863525336779	-0,102701153871934	0,48730332459477
0,435305534760608	0,170954967670028	0,176871395187918
-0,332028803617208	0,363163899202372	0,088706571823369
0,365446703718949	-0,211819720736254	0,267546468203507
0,0700888045342539	0,30980270277097	0,386147439244081
-0,439689119641982	0,190404424992651	0,142897281330599
-0,426336256109027	-0,0707938623081062	0,251447063586829
-0,196715722747974	-0,262965858308662	0,377030345977258
-0,257627484207206	-0,239190343905233	0,355550360376083
-0,279978415737884	0,0545329857452776	0,410655865886036
-0,41764467635068	0,155087123004393	0,226982176820463
-0,308332581368563	-0,211253904752123	0,332118664024742
-0,155762950443102	-0,471332278793175	0,0598647328307125
0,152078014082934	0,164899633287872	0,446856116187432
-0,412145608994394	-0,177227456817081	0,220740629556025
0,0255845588681144	-0,31039803800578	0,391150212002609
0,227311538489068	0,423732083281793	0,137042278393949
0,0965292925095673	-0,313403135460873	0,377439492330753
-0,44831751409072	-0,0143604529406147	0,220918953353617
-0,360991900974452	0,103703099245555	0,330046231061223
-0,432494367112841	-0,198299757733471	0,153706956571621
-0,0496791095567802	-0,476364683496351	0,143557216436746
0,166331363407847	0,437579470624159	0,175664693194641
-0,153644743071566	0,472071925057891	0,0595095832501729
-0,0167265273510259	0,184824191437515	0,464284655725606
-0,146142241716018	0,340050491297085	0,336166786810994
-0,496286980001814	0,0391821446072599	0,0465187384250168
0,0339735814492915	-0,0337431712842292	0,497701912951107
-0,168377039334092	0,279358655810925	0,378956348473803
-0,183158462065111	-0,127251352315738	0,447504269373779
-0,178563548759415	0,367862034856931	0,287737002078916
-0,320301058046067	0,0117035483994041	0,383758073751463
0,404366732292289	0,220056342327197	0,195096776028799
0,424736139391183	0,111850377438457	0,238932427606526
-0,218751996545933	0,0430038926860237	0,447546901699718
-0,377895388806989	0,0348264626410222	0,325549063304332
0,18369345462068	0,449037419916595	0,120921917964311
0,00450268253408082	0,247664604009617	0,434329333306832
-0,264148664019705	-0,0679457611844592	0,419057104502082
-0,093110705636307	-0,41237917250835	0,266971561364197
-0,137992884226691	-0,422675265256886	0,228699768348855
0,448386535151459	0,199324053677429	0,0960178979173504
-0,117608037152211	-0,280645229755389	0,396745012083012
0,495825983467885	-0,0457296309799006	0,0454466166897688
-0,380863170478577	-0,0899192283387011	0,311219822228564
-0,34372215799972	-0,342724173123842	0,119980078582213
0,253837281298699	-0,270792653545612	0,335019362736859
0,396971235719638	-0,183327005651789	0,242497519595506
-0,296137618058121	0,211497590961315	0,342886687097097
-0,0528750082007949	0,296797518960412	0,398892800444819
0,118687697233077	0,482362226954188	0,056920229561256
-0,0497245403383045	-0,314775899767684	0,385283795420453
-0,0539171445726816	0,38324501190997	0,316569427404568
-0,401745073257625	0,0995173137017291	0,280530212966121
0,0490480560765407	0,0829400771737222	0,490627385898433
0,00755624349666215	0,0474834690126492	0,497682854190039
0,225669663333365	0,439017582042206	0,0796038046127228
-0,279582478098158	-0,172446160012537	0,376956177608782
0,0924421972879846	-0,0623491589952823	0,487408476057968
0,18109353833921	0,461447589788548	0,0653548181094968
-0,141782922365389	-0,0715102118520834	0,47411379702177
-0,241059381985583	-0,120347737971202	0,421196861719011
-0,483185497245917	-0,107707982642751	0,0702194113208336
-0,0697949251014668	-0,224237655018208	0,441413799627986
-0,0363160495221767	-0,0340621848901752	0,497514735568315
-0,327178960345872	-0,373779945037437	0,0569427835182403
-0,33885863691664	-0,0956872892577044	0,354991220823148
0,290855925867647	0,152290590217183	0,377107950750148
-0,149471396399186	0,0607245608712551	0,473255564537249
-0,224541244480232	-0,440139153985367	0,0765425022867302
-0,382606127584903	-0,314838313601978	0,0670028911521555
0,109382769366983	-0,484688861865424	0,0557863509221486
-0,233683980309092	0,247326625708246	0,366362303686765
-0,269807548706801	0,106626176572636	0,407228124188799
-0,385549639782036	0,20129971286408	0,246637184675753
-0,444229398123549	0,217106950925859	0,0743290905532044
0,229034409425738	0,399691146787888	0,194397084541888
-0,0414424419708962	-0,160548088721159	0,471706301856857
-0,39090508830364	-0,280776760085419	0,135490305683685
-0,151539815012354	-0,208306441291101	0,428537175730016
-0,269991980645014	-0,0104246962018102	0,420708516786245
0,342628241177944	0,192931424639042	0,308841955916061
0,0698743479865952	0,26236441158349	0,419860085061556
-0,286480489480804	-0,396188409393798	0,104707561373815
0,101840754355659	0,340318468330668	0,351869010947737
-0,249664835868443	0,174785412005701	0,396380536203256
0,179110291053414	0,0573146081394985	0,463286670790966
-0,428236114132654	-0,247677825776568	0,0725914951709638
-0,114990913653564	0,420439983083489	0,244963896119152
0,0322871383829189	-0,156705956840932	0,473709598578718
-0,461876566984652	-0,176937846726835	0,0732327472251532
-0,0604107193063591	0,417312564841708	0,268702006352992
-0,322162924969891	0,236711109974331	0,30029801895711
0,0172075830585543	0,297778466692631	0,40128778184673
-0,0688829442393916	0,140694347446998	0,474826537368518
0,00990547310788298	0,35082987939769	0,356118347357043
-0,00720086251276618	-0,0969336848691316	0,490461016102976
-0,166221959749915	-0,00423036540961051	0,471542536899269
-0,0280776024615582	-0,491609371041384	0,0867863730334731
0,258813022812328	0,20195203876428	0,377135510475606
-0,465860276976085	0,166122613859378	0,0733312995950157
0,335755321742462	0,12334076230377	0,349364308818089
-0,424851660512569	0,258287835606955	0,0528058759721637
0,243430618967439	0,0811335627342244	0,429137365824955
7,01892313945661E-16	-1,02948694418898E-15	0
0,246945220692303	-0,0968871125525452	0
-0,231827503284101	0,0687897643893468	0
-0,0858754190984295	0,245066447200074	0
0,209031131441254	0,154079726499333	0
0,0478834380149701	-0,244245746305003	0
-0,202166106261543	-0,180792958787067	0
0,0931638417029588	0,30201728935942	0
-0,242482232260734	0,224990631789662	0
0,206240792440956	-0,258617773729083	0
0,327089958140039	0,0493008786859593	0
-0,333480744988123	-0,0854021515927939	0
-0,120726421940771	-0,311966395180329	0
0,0386610938435795	0,125685406061545	0
-0,100163379153685	0,0967107366283932	0
0,150081651951429	0,0186916854223816	0
0,103885754197306	-0,113825015642555	0
-0,153826213592512	-0,0378483793335802	0
-0,0580851392665316	-0,148763750163178	0
-0,0294826911008488	0,370379348447926	0
0,233017253542407	0,28928394367086	0
0,319630417653037	-0,205663899791794	0
0,12800210247836	-0,35790816643856	0
-0,174339865057984	0,335469204131373	0
-0,346421369981015	0,158301593767861	0
0,333022887969767	0,178968521135002	0
0,375154720823925	-0,0649075987391935	0
-0,312586384040773	-0,215199714461728	0
-0,384420507888315	0,0138908537454326	0
-0,010174216266415	-0,382641209749781	0
-0,239431079245259	-0,298015299455972	0
-0,0960516898065941	-0,214674743961306	0
-0,233634023091595	-0,0431028770632437	0
0,179488424149405	0,353063191373284	0
0,0506521460540992	0,392945452735937	0
-0,194603717229308	0,13983036619389	0
0,163418883553344	-0,168334530832059	0
0,234750327428318	0,0122054499778237	0
0,126039461323201	0,221558281214262	0
0,0205654444030059	0,254271330001847	0
0,207765311940548	-0,350922739314675	0
-0,334415166956486	0,233408847140234	0
0,295892242320449	-0,28064385749281	0
-0,257747065387302	0,316037409333297	0
0,390990831165058	0,115928269885844	0
0,410087978028737	0,00705560169425592	0
-0,382928645637156	-0,158112260185342	0
-0,187383436633034	-0,394779021897374	0
-0,120090035685367	0,40199953890789	0
0,325679646764305	0,264479959862006	0
0,0628998546169258	0,0561463803259437	0
-0,0191914700619631	0,0772861741614889	0
-0,408522197068681	-0,0561676907016939	0
-0,0879764682338233	-0,40350061445036	0
-0,166769862824077	0,214658282372727	0
0,258227272199231	0,08404949666902	0
0,138610685022989	-0,234496838379678	0
0,391819238583936	-0,152752798483609	0
-0,0225417679179602	-0,29949971487045	0
-0,121188656299422	-0,105260572575695	0
0,14414187714195	-0,0556632116928893	0
-0,0829149563369804	0,0193798414508699	0
-0,158861791334609	0,0402872593248905	0
0,0784465933655736	-0,0298131596796443	0
-0,0250602634685404	0,1477194608294	0
0,106449335717949	0,107709870915487	0
-0,261610616359269	-0,151197030944877	0
0,015780501399838	-0,0862389892831206	0
0,0678687504147905	-0,418819714602502	0
-0,412576771665862	0,0989774120916511	0
0,0297414988685438	-0,163927912473107	0
-0,299381258774251	-0,00251804405285389	0
-0,0962082693715018	0,319116000507743	0
0,2592982169661	0,209404638861235	0
-0,302735410692859	-0,282621465920891	0
-0,0633113775302946	-0,0580545924223286	0
-0,160684490599741	-0,249972927901984	0
0,287200232897193	-0,0448260976125365	0
0,0493594842972966	-0,329585767517565	0
0,240837543944961	-0,1620438654763	0
-0,269160229447897	0,127235494415172	0
0,004499896516678	0,442739965240411	0
0,245686402423996	0,368299376240591	0
-0,0294320753015425	-0,223841598929411	0
-0,196400704788013	-0,106797741490507	0
0,308409279572033	-0,120645516207605	0
-0,319593412248372	0,0743403922679591	0
-0,244322016320218	-0,229239617750317	0
0,150688473015949	0,278461897610001	0
0,0325210438711851	0,315309850398458	0
-0,108542852141799	0,165188151721891	0
0,183741843782129	0,090557657349386	0
-0,191048358600931	0,396716004414854	0
0,381329644287259	0,220160772779233	0
0,383549730619264	-0,223302538344351	0
0,130141296269231	0,421907720104248	0
-0,376073352419314	-0,219516578013565	0
-0,249034479498925	-0,365266494878437	0
0,435175877356195	-0,0955004377443967	0
0,135619705871425	-0,420077023369589	0
-0,411139802906869	0,167543479558848	0
-0,208381912728328	0,271918426525421	0
0,167899123265675	-0,299294001932997	0
0,325383328780748	0,107280414429876	0
0,0964472607297155	-0,179994396819297	0
-0,446287085071223	0,0332782930011369	0
0,000615272873610177	-0,449086103269425	0
0,273037912747995	-0,342916734328532	0
-0,321097392047441	0,298392448464532	0
0,346029219651783	-0,00103421904929606	0
-0,286675113888321	0,193825065243661	0
0,25390875260703	-0,233626457305746	0
0,4316045386325	0,0675032397264928	0
0,296530827914997	0,330613077978586	0
-0,058739668808182	0,440236941455546	0
-0,0322993432283254	0,287403971736834	0
0,188676958680477	0,219100948206755	0
-0,146315065816064	0,277245672147467	0
0,27699256747142	0,146756559518893	0
-0,177986175718931	-0,326710704370005	0
-0,35408694454906	-0,0315297239277338	0
0,442966797864284	-0,0455747135754842	0
-0,322997776370941	-0,152608895932588	0
-0,426213681959537	-0,118802882426958	0
-0,0656958600798185	-0,346131268442719	0
0,112201714668115	0,363749024978814	0
0,406722840053273	0,175875404112862	0
-0,236976037995117	0,374430212201151	0
0,355743542733133	-0,266271338709245	0
0,102810483527999	-0,292068524737576	0
-0,143914292395178	-0,421334309056921	0
0,180811526494707	-0,405471501067429	0
-0,391116032190716	0,211571163811506	0
-0,0775387917016832	-0,271937725803427	0
-0,212343118738904	0,00853077330308948	0
0,184591335035717	-0,106301454007532	0
0,207951774191152	-0,0454634567442163	0
-0,162299215124432	0,0935922849576586	0
0,0597872590722476	0,194602396584199	0
0,0780055300809805	0,253170905589388	0
-0,27216001573227	-0,0872787128450547	0
-0,446729040628157	-0,0167039354086433	0
-0,0492321850795982	-0,444258756430214	0
-0,139096131170308	-0,167710449146623	0
0,0680556773945093	0,452990771151058	0
0,198947778792073	0,412606224750379	0
-0,359838365353731	-0,273708348733965	0
0,293394334061381	0,00729107035288259	0
-0,238265709688306	0,17132204999697	0
0,210070251994709	-0,204920185573107	0
-0,296014584198608	-0,339889462031412	0
0,378356883117448	0,064088552863545	0
-0,0285708624103069	0,215708626345708	0
0,145620998336209	0,164601480128237	0
0,232816571902844	-0,30434391744137	0
-0,275576310305987	0,266245137860374	0
-0,12982845980132	-0,367804130962788	0
Конец координат обтекателя
Индексы сетки обтекателя: 	
61	84	62
14	86	13
87	52	53
3	88	4
82	88	63
52	87	84
87	62	84
84	51	52
51	84	83
5	80	6
81	5	6
83	84	61
86	63	88
120	76	83
122	46	47
83	124	120
124	83	61
19	125	18
129	7	8
129	77	79
7	131	8
6	133	7
133	6	80
134	6	7
134	79	81
6	134	81
136	8	9
136	74	77
8	137	9
139	82	80
82	139	88
5	139	80
143	50	51
143	83	76
83	143	51
10	144	9
13	146	2
146	3	2
146	13	86
131	137	8
136	129	8
77	129	136
133	131	7
78	131	133
129	134	7
129	79	134
146	88	3
86	88	146
4	139	5
4	88	139
73	74	144
132	56	58
118	21	22
144	136	9
74	136	144
101	42	43
111	58	109
47	126	122
141	18	125
108	23	24
49	142	48
49	145	142
141	17	18
138	17	141
75	138	141
138	16	17
50	145	49
145	50	143
76	145	143
140	3	4
62	87	140
117	77	74
79	130	81
48	126	47
48	142	126
11	113	12
71	145	76
71	142	145
167	93	154
93	172	67
173	66	158
176	102	161
68	178	147
110	186	183
187	98	104
190	70	69
192	74	73
192	110	183
197	127	169
66	198	185
201	106	161
102	201	161
203	66	165
66	203	158
204	112	99
56	206	58
206	109	58
206	56	205
207	98	187
208	91	169
96	208	169
104	209	195
212	60	132
58	212	132
70	216	107
216	114	107
217	68	147
217	106	201
55	219	57
219	55	195
85	221	187
222	73	179
223	79	77
117	223	77
226	115	114
227	86	14
86	227	63
132	228	56
230	70	190
122	230	190
81	233	5
69	234	190
23	235	22
235	118	22
68	236	178
237	73	144
73	237	179
120	238	76
104	243	69
245	112	116
238	71	76
115	71	238
228	176	56
144	10	237
217	147	196
233	4	5
140	4	233
222	192	73
110	192	222
216	226	114
71	115	226
15	227	14
34	188	33
185	165	66
162	165	185
173	198	66
191	208	96
225	197	67
177	197	225
192	117	74
183	117	192
207	187	221
219	209	107
195	209	219
69	209	104
60	204	132
206	218	109
206	205	218
173	97	170
173	170	198
199	148	193
99	228	204
228	132	204
239	96	169
127	239	169
239	127	65
177	65	127
197	177	127
138	232	16
232	138	75
232	15	16
241	102	210
229	108	92
108	229	178
229	147	178
193	148	92
224	193	92
85	195	55
195	85	187
104	195	187
175	25	26
108	235	23
235	108	178
235	236	118
235	178	236
242	115	238
119	238	120
238	119	59
59	242	238
237	10	11
237	11	179
191	96	207
119	120	124
217	241	68
102	241	201
201	241	217
230	122	126
117	211	223
223	130	79
67	174	93
197	174	67
91	174	169
169	174	197
209	69	70
107	209	70
105	234	220
225	67	172
240	107	114
107	240	219
219	240	57
92	148	229
196	147	229
196	229	148
57	186	200
200	186	110
211	117	183
211	123	59
210	176	99
228	99	176
176	210	102
226	142	71
226	126	142
215	60	121
60	215	204
112	215	116
112	204	215
242	59	123
242	114	115
240	114	242
123	240	242
233	61	62
233	124	61
140	233	62
81	130	233
130	124	233
184	158	203
251	188	95
251	160	250
252	159	181
188	253	95
256	97	173
158	256	173
258	166	247
262	153	261
263	95	253
163	263	253
116	266	75
268	82	63
119	270	59
211	270	223
270	211	59
273	157	167
275	174	91
278	154	93
174	278	93
280	218	252
181	280	252
281	93	167
157	281	167
93	281	172
282	221	85
282	166	258
284	200	166
284	85	55
95	285	261
168	286	171
286	168	94
289	241	210
24	290	108
290	92	108
292	194	100
293	32	33
188	293	33
32	293	250
165	297	199
297	165	162
297	100	199
298	64	182
300	80	82
300	128	78
207	306	98
306	207	96
306	202	98
239	307	96
3	310	2
53	310	87
310	53	2
311	64	164
312	177	225
313	211	183
211	313	123
186	313	183
314	119	124
130	314	124
151	316	54
118	317	21
89	318	258
320	153	262
153	320	277
133	300	78
133	80	300
89	309	318
268	300	82
268	128	300
289	303	103
297	292	100
162	292	297
284	282	85
166	282	284
250	31	32
298	302	64
298	171	302
316	194	54
264	280	181
273	311	164
273	167	311
54	194	292
307	306	96
202	306	307
266	232	75
135	232	266
317	20	21
158	184	269
57	284	55
57	200	284
140	310	3
140	87	310
317	236	103
118	236	317
180	28	29
265	247	166
251	293	188
251	250	293
252	291	159
255	291	149
282	318	221
282	258	318
285	273	164
262	285	164
262	261	285
200	265	166
275	278	174
302	164	64
97	256	180
291	259	159
26	27	213
175	26	213
295	151	54
151	295	248
231	214	101
308	63	227
63	308	268
308	135	268
299	135	266
266	215	121
215	266	116
121	299	266
319	100	194
163	287	157
287	172	281
287	281	157
279	42	101
42	279	41
214	279	101
25	290	24
290	25	175
290	224	92
175	224	290
283	245	125
68	241	103
103	236	68
241	289	103
15	308	227
308	15	232
308	232	135
249	305	182
90	248	189
255	248	90
43	44	105
149	316	151
128	299	121
299	128	268
135	299	268
54	292	295
292	162	295
119	314	270
314	223	270
223	314	130
288	202	231
285	95	263
157	263	163
157	273	263
263	273	285
154	311	167
98	243	104
98	202	243
202	288	243
288	220	243
101	288	231
265	200	110
224	184	193
184	224	175
213	184	175
213	269	184
149	291	304
149	304	316
252	304	291
153	277	160
170	272	277
272	160	277
214	239	65
307	239	214
164	302	262
262	302	320
199	203	165
184	203	193
199	193	203
95	261	251
261	160	251
160	261	153
230	216	70
216	230	126
216	126	226
180	256	269
180	269	28
269	256	158
39	40	244
191	207	318
309	191	318
207	221	318
276	171	298
69	220	234
69	243	220
269	27	28
213	27	269
151	255	149
151	248	255
307	231	202
214	231	307
264	181	113
12	322	1
322	254	1
125	323	283
323	303	283
249	328	305
328	249	324
254	331	1
39	332	38
332	39	244
333	311	154
311	333	64
249	333	154
190	338	122
341	94	198
341	170	277
170	341	198
94	341	277
343	99	112
344	246	257
345	172	287
172	345	225
348	121	60
121	348	128
349	218	205
349	304	252
218	349	252
177	350	65
350	177	312
56	351	205
351	56	176
179	325	152
317	326	20
212	348	60
301	276	347
245	343	112
245	283	343
333	182	64
249	182	333
155	328	296
155	305	328
295	339	248
350	332	244
312	332	350
305	155	347
343	210	99
323	326	303
328	150	296
324	150	328
274	346	150
335	189	301
330	344	257
258	330	89
247	330	258
181	321	113
113	321	12
159	321	181
259	321	159
1	294	12
12	294	325
325	11	12
325	179	11
12	321	322
337	38	332
312	337	332
35	329	34
253	329	163
253	188	329
329	188	34
331	294	1
267	152	325
294	267	325
346	274	309
303	326	103
326	317	103
189	335	90
335	260	90
289	210	343
303	289	283
343	283	289
337	37	38
155	296	327
323	125	19
156	327	246
257	246	327
296	257	327
45	46	338
46	122	338
301	347	155
336	40	41
40	336	244
279	336	41
344	330	247
271	349	205
331	156	246
156	331	254
296	150	346
296	346	257
168	171	340
276	340	171
301	189	340
340	276	301
275	274	150
324	275	150
275	91	274
214	336	279
336	214	65
244	336	350
350	336	65
286	302	171
320	302	286
322	259	254
321	259	322
260	156	254
260	335	156
254	259	260
57	313	186
313	57	240
123	313	240
320	94	277
94	320	286
208	274	91
208	191	309
309	274	208
141	245	75
245	116	75
245	141	125
222	265	110
179	152	222
152	265	222
338	44	45
234	105	338
44	338	105
234	338	190
315	94	168
111	280	72
280	111	109
109	218	280
264	72	280
20	323	19
20	326	323
315	352	339
340	352	168
352	315	168
10	353	11
337	354	37
355	196	148
355	199	100
199	355	148
247	356	344
163	357	287
358	319	106
319	358	100
359	198	94
359	315	185
315	359	94
198	359	185
360	304	349
304	360	316
271	360	349
255	361	291
361	259	291
363	246	344
364	327	156
335	364	156
327	364	155
365	101	43
105	365	43
101	365	288
217	358	106
217	196	358
358	355	100
196	355	358
220	365	105
220	288	365
354	36	37
353	72	264
363	356	267
344	356	363
353	113	11
264	113	353
364	301	155
335	301	364
90	361	255
361	90	260
259	361	260
106	362	161
362	106	319
329	357	163
357	329	35
36	357	35
363	267	294
331	363	294
363	331	246
356	265	152
265	356	247
267	356	152
347	298	182
182	305	347
276	298	347
319	194	362
362	194	316
362	360	271
362	316	360
161	351	176
362	351	161
351	271	205
271	351	362
154	278	324
324	249	154
275	324	278
330	309	89
330	346	309
330	257	346
366	58	111
366	334	212
334	366	111
58	366	212
250	367	31
131	368	137
368	334	137
369	29	30
342	369	30
367	30	31
342	30	367
78	368	131
180	369	97
369	180	29
369	342	97
160	367	250
272	367	160
97	272	170
272	97	342
342	367	272
345	312	225
337	312	345
337	345	354
36	354	357
357	354	287
354	345	287
212	334	348
128	348	78
368	78	348
334	368	348
248	352	189
352	248	339
352	340	189
137	370	9
370	10	9
353	10	370
370	111	72
370	72	353
370	137	334
334	111	370
339	162	185
162	339	295
315	339	185
35	494	36
496	459	378
404	459	496
382	417	494
391	459	404
382	494	423
494	417	36
390	405	460
405	496	460
378	460	496
389	402	514
386	421	436
385	435	422
24	419	25
16	420	17
386	462	408
389	514	430
384	509	436
436	509	524
388	455	403
435	523	509
384	435	509
399	440	457
371	422	421
384	421	422
371	421	434
386	434	421
371	432	422
385	422	432
389	430	446
25	419	463
16	464	420
397	428	456
393	439	449
400	449	439
389	454	402
388	403	505
395	457	440
47	411	478
29	479	412
49	478	413
27	414	479
2	416	483
388	446	430
392	456	428
373	406	508
386	408	507
387	506	407
40	418	41
373	451	406
391	404	453
390	452	405
393	411	502
395	503	412
406	461	508
386	436	462
385	461	435
383	447	504
14	483	415
408	462	426
406	425	461
387	441	438
387	407	475
384	422	435
384	436	421
390	443	419
394	419	443
396	444	420
391	420	444
389	438	441
382	442	511
387	434	431
385	432	433
388	433	432
386	431	434
392	499	413
394	414	498
396	497	415
2	483	13
435	461	523
514	377	455
430	514	455
436	524	462
393	502	470
395	471	503
377	458	437
398	437	458
387	438	434
376	475	427
402	504	447
376	429	454
47	478	48
28	479	29
48	478	49
27	479	28
397	416	492
51	428	52
381	518	426
408	426	518
385	508	461
379	425	519
406	519	425
407	520	427
380	427	520
371	434	438
371	446	432
523	461	374
524	375	462
409	524	509
403	511	442
394	463	419
396	420	464
393	473	411
394	472	414
396	415	474
371	438	446
389	446	438
376	441	475
47	502	411
29	412	503
388	430	455
44	439	45
31	440	32
401	445	458
398	458	445
391	484	420
390	419	485
490	468	401
418	468	490
13	483	14
388	432	446
386	507	431
373	508	433
387	431	506
49	413	499
27	498	414
14	415	497
388	505	433
395	412	481
392	413	482
373	505	442
403	442	505
410	509	523
36	417	467
41	418	501
2	492	416
397	480	416
400	429	449
376	449	429
383	490	447
40	468	418
382	491	442
374	461	425
375	426	462
377	437	455
382	493	417
398	467	493
417	493	467
399	423	512
400	513	424
392	465	499
429	504	454
394	498	463
396	464	497
399	457	442
407	427	475
34	423	494
17	420	484
24	485	419
51	465	428
389	441	454
42	501	424
373	442	457
372	507	448
408	448	507
376	454	441
32	440	476
44	477	439
397	456	448
397	492	469
400	424	495
372	450	506
407	506	450
392	428	465
52	428	469
391	453	484
390	485	452
34	512	423
42	424	513
379	472	425
381	426	474
380	473	427
382	423	491
399	491	423
374	425	488
375	489	426
372	448	456
376	427	500
397	469	428
372	456	450
31	471	440
45	439	470
373	457	451
401	458	447
377	447	458
18	453	19
22	452	23
392	450	456
390	486	443
399	476	440
400	439	477
391	444	487
395	451	457
398	445	517
415	522	474
393	470	439
395	440	471
385	433	508
377	514	447
402	447	514
400	495	429
412	526	481
413	525	482
411	473	525
414	472	526
373	433	505
437	493	511
511	493	382
383	504	495
429	495	504
437	511	455
30	471	31
45	470	46
399	512	476
400	477	513
36	467	37
410	460	510
378	510	460
409	510	459
378	459	510
34	494	35
401	521	445
387	475	441
398	493	437
416	480	522
391	487	459
390	460	486
50	465	51
25	463	26
15	464	16
52	469	53
402	454	504
374	488	443
375	444	489
381	474	522
379	481	526
380	482	525
20	466	21
396	489	444
394	443	488
398	517	467
403	455	511
39	468	40
381	522	480
409	459	487
380	525	473
379	526	472
41	501	42
399	442	491
410	486	460
374	443	486
375	487	444
38	445	521
392	482	450
395	481	451
376	500	449
38	517	445
397	448	480
32	476	33
43	477	44
23	485	24
17	484	18
401	447	490
393	449	500
19	453	516
22	515	452
26	498	27
14	497	15
49	499	50
401	468	521
404	516	453
405	452	515
38	521	39
33	512	34
42	513	43
2	53	492
409	487	524
23	452	485
18	484	453
410	523	486
37	517	38
46	502	47
29	503	30
408	518	448
372	506	507
431	507	506
407	450	520
406	451	519
396	474	489
394	488	472
21	466	515
405	515	466
404	466	516
20	516	466
383	495	527
19	516	20
21	515	22
393	500	473
424	527	495
425	472	488
426	489	474
404	496	466
405	466	496
26	463	498
15	497	464
50	499	465
53	469	492
374	486	523
375	524	487
413	478	525
412	479	526
383	527	490
418	490	527
46	470	502
30	503	471
427	473	500
416	522	483
37	467	517
39	521	468
448	518	480
381	480	518
43	513	477
33	476	512
451	481	519
379	519	481
450	482	520
380	520	482
411	525	478
414	526	479
415	483	522
409	509	510
410	510	509
424	501	527
418	527	501
Конец индексов обтекателя
Конец раздела 3
Раздел 4
Координаты антенны: 	
100	0	0
100	0	0
97,4927912181824	22,2520933956314	0
90,0968867902419	43,3883739117558	0
78,183148246803	62,3489801858733	0
62,3489801858735	78,1831482468029	0
43,388373911756	90,0968867902418	0
22,2520933956317	97,4927912181823	0
3,61394399649162E-13	100	0
-22,252093395631	97,4927912181824	0
-43,3883739117554	90,0968867902421	0
-62,3489801858729	78,1831482468033	0
-78,1831482468026	62,3489801858738	0
-90,0968867902416	43,3883739117565	0
-97,4927912181822	22,2520933956322	0
-100	8,56015562253343E-13	0
-97,4927912181826	-22,2520933956305	0
-90,0968867902424	-43,3883739117549	0
-78,1831482468037	-62,3489801858725	0
-62,3489801858742	-78,1831482468023	0
-43,3883739117566	-90,0968867902415	0
-22,2520933956322	-97,4927912181822	0
-7,28911831067436E-13	-100	0
22,2520933956308	-97,4927912181825	0
43,3883739117553	-90,0968867902422	0
62,348980185873	-78,1831482468033	0
78,1831482468028	-62,3489801858736	0
90,0968867902418	-43,388373911756	0
97,4927912181823	-22,2520933956316	0
97,4927912181824	22,2520933956314	0
90,0968867902419	43,3883739117558	0
78,183148246803	62,3489801858733	0
62,3489801858735	78,1831482468029	0
43,388373911756	90,0968867902418	0
22,2520933956317	97,4927912181823	0
3,61394399649162E-13	100	0
-22,252093395631	97,4927912181824	0
-43,3883739117554	90,0968867902421	0
-62,3489801858729	78,1831482468033	0
-78,1831482468026	62,3489801858738	0
-90,0968867902416	43,3883739117565	0
-97,4927912181822	22,2520933956322	0
-100	8,56015562253343E-13	0
-97,4927912181826	-22,2520933956305	0
-90,0968867902424	-43,3883739117549	0
-78,1831482468037	-62,3489801858725	0
-62,3489801858742	-78,1831482468023	0
-43,3883739117566	-90,0968867902415	0
-22,2520933956322	-97,4927912181822	0
-7,28911831067436E-13	-100	0
22,2520933956308	-97,4927912181825	0
43,3883739117553	-90,0968867902422	0
62,348980185873	-78,1831482468033	0
78,1831482468028	-62,3489801858736	0
90,0968867902418	-43,388373911756	0
97,4927912181823	-22,2520933956316	0
-1,17339798192803E-13	-3,70609135000974E-14	0
15,8743404743037	45,0301965602404	0
-33,1922425100697	33,19224251007	0
57,8219522828896	4,51150056342782	0
-51,2858406436349	-20,4292262287743	0
15,930531380416	-51,4504719399467	0
-25,3123578140545	-52,0875979501371	0
53,1367330749405	-33,3468965710521	0
-14,3741200844548	64,6708155874154	0
-64,6708155874153	14,3741200844556	0
52,0296945373517	41,0102499784347	0
27,0528452962439	-15,4026824287995	0
-17,9972683334113	-27,5421890863294	0
-6,86287156386678	29,2916924385162	0
23,23007248887	18,525364631683	0
-28,9674265864993	6,6116260882444	0
-53,2060817829622	-45,3614203283765	0
-1,97354338962704	-69,5633469409559	0
67,8706241321201	-13,0482187242789	0
40,7988756676012	-56,759598579087	0
7,87776227620402	75,8371002284803	0
42,6213470696571	63,7241198600705	0
-38,9207386955956	66,049366214688	0
-66,0493662146875	38,9207386955964	0
-73,6320735984853	-9,53628826692157	0
70,6751526178246	23,5037175157555	0
20,7000128381931	-72,4308170821487	0
6,76064092490521	-23,0600256457097	0
-44,6663816814212	-67,1377991315477	0
-71,673356834755	-31,9674580197863	0
-4,80629717521712	-45,0863687735917	0
-23,5680629098246	-76,5372523760634	0
-36,0873996348622	-33,1617092441213	0
75,4363789392851	-33,3672892907906	0
61,2499698731594	-51,9032727209967	0
32,4944302282831	-34,913540217667	0
80,1876017111851	4,56444641796244	0
46,9143791057462	-14,0343903303036	0
-25,4041566946974	80,0718263481373	0
-80,071826348137	25,4041566946984	0
61,1197722399365	57,630217711139	0
-10,0462175243828	83,1672967489332	0
-83,173501350444	10,4988163815731	0
70,4170551037797	43,5852664548797	0
30,247896334913	40,7126285258868	0
-23,522497751554	44,8707249456266	0
-44,5270717730837	19,6666586725175	0
27,688674840558	78,4501231940149	0
-58,8303861711866	58,8303861711873	0
34,8986743374498	2,32110960605002	0
0,224183433163478	50,6557797558959	0
-49,5340151127235	0,349481393390181	0
44,8172404332164	21,764095136873	0
7,08526462440349	-84,9278936777971	0
-33,1193825679147	-13,5580720420866	0
-23,1725193889138	23,172519388914	0
10,8235392030406	30,9318979175127	0
-61,069408039011	-61,0694080390097	0
-8,97068070300329	-85,7764653274601	0
16,2552310992844	-2,90853754441358	0
5,09237559844175	14,3535365325891	0
-11,8684415910978	10,8246289855597	0
-14,198646359003	-7,78733861672026	0
38,3976348603219	-74,7027762268041	0
84,1974792001545	-12,8206309985477	0
-70,6385311378011	-48,1707353224113	0
-45,8757263912232	45,6624012025397	0
21,0779886855089	60,0602450467803	0
Конец координат антенны
Индексы сетки антенны: 	
60	75	93
61	86	73
62	74	83
60	93	82
63	87	69
62	83	76
63	73	85
63	74	87
62	87	74
35	36	77
38	39	79
30	31	82
40	41	80
33	34	78
43	44	81
54	55	90
54	90	91
61	81	86
124	58	101
123	59	102
123	103	59
63	88	74
44	86	81
78	124	101
79	123	102
80	103	123
63	69	89
67	78	101
65	79	102
66	103	80
63	89	73
61	73	89
53	91	76
64	92	76
62	76	92
68	84	92
62	92	84
60	94	75
64	75	94
57	119	84
44	45	86
38	79	95
41	96	80
33	78	97
36	98	77
31	100	82
43	81	99
51	120	83
56	121	90
53	76	120
64	90	75
64	76	91
51	52	120
61	108	81
65	107	77
66	81	108
60	82	109
67	109	82
69	84	119
30	82	93
69	87	84
57	84	116
53	54	91
55	56	90
66	80	96
65	95	79
67	97	78
77	107	124
75	90	121
65	77	98
67	82	100
66	99	81
48	88	85
35	77	104
39	105	79
34	104	78
40	80	105
48	49	88
68	116	84
63	85	88
58	124	107
47	48	85
62	84	87
64	94	92
68	92	94
71	106	109
2	30	93
71	117	116
52	53	120
73	114	85
60	109	106
72	108	111
70	113	107
61	89	111
69	111	89
76	83	120
51	83	110
74	110	83
36	37	98
42	43	99
31	32	100
64	91	90
41	42	96
37	38	95
32	33	97
61	111	108
58	107	113
47	85	114
60	106	94
68	94	106
71	109	101
70	107	102
72	103	108
39	40	105
34	35	104
37	95	98
42	99	96
32	97	100
45	46	122
50	51	110
58	113	101
59	103	112
71	101	113
72	112	103
59	112	102
70	102	112
71	116	106
45	122	86
57	116	117
65	98	95
66	96	99
67	100	97
49	50	115
46	47	114
2	121	56
73	86	122
49	115	88
74	88	115
65	102	107
66	108	103
67	101	109
72	119	118
72	111	119
70	118	117
70	112	118
71	113	117
2	93	121
75	121	93
77	124	104
78	104	124
79	105	123
80	123	105
50	110	115
74	115	110
68	106	116
57	118	119
69	119	111
57	117	118
70	117	113
72	118	112
73	122	114
46	114	122
Конец индексов антенны
Конец раздела 4
*************************************************************************
**************************КОНЕЦ ПРОЕКТА РАСЧЕТА**************************
*************************************************************************
