Угол	TotalAntenna	TotalRadom	ThetaRadom	PhiRadom	TotalReflaction	ThetaReflaction	PhiReflaction	TotalRefInterpolation	ThetaRefInterpolation	PhiRefInterpolation	TotalRadomeCombined	ThetaRadomeCombined	PhiRadomeCombined	TotalRadomeCombinedInterpolation	ThetaRadomeCombinedInterpolation	PhiRadomeCombinedInterpolation
0	-53.2490084210367	-26.1438574489878	-48.5989355418135	-26.1686039178983	-27.2268025250092	-100	-27.2268027543411	-31.3421491825439	-57.5193288484836	-31.3526347156521	-24.5059260160512	-48.5989355418135	-24.5228823084676	-26.5384980779801	-48.5001937127627	-26.5662313219461
1	-53.2137198293062	-33.4047871642736	-46.5677651850948	-33.6196622014177	-28.6457171153716	-66.7980963855312	-28.646381744874	-31.1487356650524	-55.9044659288631	-31.1632882019326	-27.1032002117867	-47.0600782060292	-27.1472860333262	-41.0263264819262	-49.8090581237611	-41.642885179397
2	-53.4069807755411	-37.9617848783794	-45.0059574383412	-38.9173729693861	-34.2257809762851	-61.4977155815992	-34.2339279841859	-31.9118559921749	-48.3410746979093	-32.0118217217014	-31.2351961578294	-46.3466539791996	-31.3711585870059	-30.0228437106919	-40.5912901962296	-30.4216167227581
3	-53.803955054945	-28.787854278231	-44.6591143185925	-28.9017056957447	-45.804933862868	-59.6541863302928	-45.9877299139367	-29.8351744526977	-45.8707679277817	-29.9447445252404	-28.6275561776852	-46.3228794687447	-28.702024241976	-23.8103919936952	-39.229417605367	-23.9369218110521
4	-54.3166840131364	-27.3080392050801	-46.2115887010937	-27.3643043682397	-47.3388943048101	-60.6926133189335	-47.5443144022421	-27.9455591358371	-50.1156835581899	-27.9719888633274	-27.0753773404427	-47.8428583254974	-27.111925231849	-21.6780816965268	-44.485452186767	-21.7008949605215
5	-54.7043846703428	-30.0100991409979	-49.7759087940491	-30.0561783770908	-37.5371910637476	-64.2922487309524	-37.5463688376069	-28.5019051642407	-44.9547952150443	-28.6013212426358	-29.4533159309926	-51.2805462558825	-29.4819241554673	-23.3267425416238	-52.3617493029322	-23.3321694807967
6	-54.5194407626342	-33.7887041059408	-51.245894713897	-33.867407685771	-34.3904799705536	-64.630218258276	-34.3945916197023	-31.9102856245616	-42.1616062237046	-32.3408130340616	-29.5766961514083	-51.7357532882588	-29.6031935227782	-27.5744341451323	-45.915416591358	-27.6385384714434
7	-53.4004582232853	-33.3208809623582	-49.5653635688986	-33.4252432804794	-39.2158074840996	-57.8874032044981	-39.2751806236327	-35.4789975249805	-41.3927299388925	-36.7645998681833	-30.8826574697687	-48.4843781770507	-30.9587622476267	-28.8955244352886	-44.4792489458075	-29.0172790323394
8	-51.5291355854551	-37.3815836261163	-46.4737997708388	-37.9528138721219	-49.9022481180125	-52.3408466502953	-53.5710827113953	-37.8652267738425	-42.4885262868074	-39.7020289261456	-38.1948095635824	-44.2461209565945	-39.4340078428116	-33.4724470734935	-46.1883886513348	-33.711270318882
9	-49.3849830268678	-39.0686535255317	-46.2929605400777	-39.9810300134221	-41.6781897205161	-51.4328286030964	-42.1639027534801	-34.356960878082	-51.1825401311847	-34.4481149593626	-43.0324074297262	-43.6394901517075	-51.8777778504325	-30.7726944017588	-48.088360338517	-30.8540295245952
10	-47.2960320697543	-32.2389991206142	-46.7935890701455	-32.3938976241571	-39.35680093339	-53.6348523899928	-39.5220796351161	-33.1373406439572	-48.3809944186631	-33.2691643284407	-35.6736871905786	-44.7910828713032	-36.2413895520839	-28.7524651336272	-61.4254580372312	-28.75481261627
11	-45.3983727569965	-29.2100495341497	-49.0829279740587	-29.2550008172512	-35.5522048648635	-58.937492677529	-35.5721691314741	-31.0133781319131	-48.8906457817881	-31.0847656085159	-31.9236442617299	-49.5149817558846	-31.9999328197493	-28.9197377748478	-49.3848927148879	-28.9589324507115
12	-43.7346922959002	-28.3048236082645	-50.5478511227047	-28.3308120556378	-33.865877997783	-54.7807304283722	-33.9012015237032	-37.6778943322701	-52.5283078762212	-37.8224214266495	-31.1579065034816	-56.3926179514506	-31.1709371070915	-27.9303221938175	-46.1871321304969	-27.9956905609136
13	-42.3161421479429	-29.5397636783896	-50.5056912352299	-29.5746725515388	-38.5812580728166	-52.0763244977608	-38.7799472696833	-40.63452324349	-42.6284616175341	-44.9741408611326	-32.9160035036249	-51.3839964872776	-32.978246926477	-28.8859110391095	-40.4569231074393	-29.1994307045167
14	-41.1480812412937	-40.5651649231492	-53.5903807587811	-40.787145241282	-40.4883251328191	-54.0159456082488	-40.6854963543221	-40.4008686448551	-44.1503176302522	-42.7797123048164	-35.3853084332284	-51.7899553732757	-35.4858479738289	-36.2400872118583	-43.2532567001458	-37.2033397444561
15	-40.2401316617807	-32.2935238841755	-67.1294217954468	-32.2949503646854	-32.7687920260694	-57.1494306150293	-32.7846597119725	-30.6313091346752	-39.1964930204438	-31.2820317115906	-50.8098346170354	-57.1788029595629	-51.9490439551842	-29.6797482868175	-38.8719395160857	-30.2371074524987
16	-39.6111031321511	-28.2850299247955	-48.6213672469662	-28.3254100836069	-31.0412062271572	-49.7254657533903	-31.1004053061826	-34.8145582972371	-37.4169550374906	-38.275082266597	-29.0227478456974	-58.0929508353006	-29.028130954279	-28.5071860807725	-36.6062670721519	-29.2381792700664
17	-39.293469248621	-31.8147478322888	-41.008059216685	-32.3719536311933	-32.9858263752065	-44.5116858390292	-33.3027451339961	-33.205324867474	-34.2693301843785	-39.8348765290706	-27.8769415688314	-50.1941104693865	-27.9024888188104	-30.2033950171398	-32.2925692074608	-34.3842842658504
18	-39.3404489943269	-38.1394074235739	-38.3754588446216	-50.9046754815206	-37.2079777534225	-43.0262524176429	-38.5269571195629	-35.8984134616835	-37.4775742799307	-41.0576744034265	-36.4789000582478	-45.9037447601441	-37.0053492120884	-31.9513931000462	-32.5619318162034	-40.7737977941096
19	-39.8401360373811	-36.3972393115295	-36.9855908675818	-45.3695685745943	-36.6695267806226	-43.1537146716544	-37.7747655832002	-40.4012603862652	-41.8278948660258	-45.9297843612506	-34.4506705740598	-42.2005056321712	-35.248846345	-32.8061828042461	-33.8154310126889	-39.6389021624356
20	-40.9478041998982	-37.1340799323122	-37.6327649748245	-46.7806164793138	-37.3470534748336	-45.5432082056084	-38.06048482699	-33.0396254684363	-42.9856174262476	-33.5032429374804	-34.27397522365	-40.8650232715332	-35.3487305996654	-31.6050326529592	-34.9035814873304	-34.3450303448243
21	-42.9737243819931	-35.5529896608622	-41.342731203005	-36.882139839389	-46.480556878761	-50.36300052964	-48.7649058015343	-33.6804338667011	-44.6355660304584	-34.0437723247677	-35.6447955417955	-44.066470465316	-36.3191669675737	-34.7968237362337	-36.9533026007169	-38.8709291016877
22	-46.7016059002825	-30.7242813394724	-50.7379060939575	-30.7677919875401	-39.2967128410222	-54.0164182243108	-39.4457324600054	-36.9811438966259	-40.9289314566011	-39.2208349772119	-32.8109529242394	-59.6130832079341	-32.8200316550746	-31.5262840979854	-39.380202913586	-32.3037590376071
23	-55.5119121440626	-30.9479251054953	-63.0819121690329	-30.9505828821784	-36.2521427844993	-51.0042401154754	-36.400036001065	-37.0010955249197	-38.4245565800841	-42.5377906710791	-28.8941837987839	-49.6864242707694	-28.9305230487782	-29.4164546358803	-38.3456832618925	-30.0110948376277
24	-54.7678099875781	-34.308233025451	-56.9731447861861	-34.3318090950778	-38.6276304343559	-50.5317775530465	-38.9172101487309	-37.9289866752353	-38.9055153552985	-44.889098934735	-31.5037511491995	-47.4979365790431	-31.6143844036907	-31.1967252893981	-37.9795419977183	-32.2191236675277
25	-45.7611311725708	-35.3533972465834	-62.9333635536738	-35.3609859409154	-50.6134926995712	-52.0826883496868	-56.0344477949126	-29.8134253630153	-37.4884193924938	-30.6268586521672	-34.7479128496531	-50.3019684210835	-34.8705139558248	-27.6791717718752	-37.732259375886	-28.1308879139714
26	-41.7064122420344	-37.7172587457324	-51.1555234921197	-37.9186252638526	-38.0636469474655	-52.9059535331034	-38.2084486341959	-27.6993035041248	-40.6148432576615	-27.9271125681923	-37.8013023387182	-48.5079139582742	-38.1870170071684	-25.6759895359511	-42.3011225080044	-25.7714970716498
27	-39.5048570973125	-37.6133993986617	-45.3236712618853	-38.4196013022479	-33.8118801153046	-47.8168370418254	-33.988106173415	-27.9940278001438	-34.1924025890949	-29.1857380341429	-32.9892061389912	-40.711662170993	-33.7929268768123	-28.275235861186	-36.6710202602145	-28.953971680154
28	-38.5166352224457	-35.7795343258776	-44.663665851716	-36.3808315403751	-33.6072438605064	-46.2744384880734	-33.8488392374961	-27.4877998978149	-34.1240137050836	-28.5499575037523	-36.5881019878726	-39.4173439599965	-39.7873378857485	-30.2205159729418	-36.9991933353702	-31.2440137412109
29	-38.6273268858262	-35.7552895852309	-43.8467889166162	-36.4876740214664	-38.951673762277	-45.5200439344779	-40.0328180501511	-33.8149959654523	-39.8713072948718	-35.0525444849232	-33.9675219897087	-39.0322554240348	-35.5887929735198	-31.7215406447052	-46.2063842062033	-31.8789928621636
30	-40.0472733690711	-33.4106011563721	-46.095473776683	-33.6511874222931	-44.4832951751599	-48.5729502325145	-46.6298043117777	-28.969200016559	-53.2787876028381	-28.9853299211411	-35.0090086694643	-42.5170354484445	-35.8576473690369	-25.5138904847716	-45.8171421608923	-25.5545808956961
31	-43.6174816759201	-35.1133484420508	-50.3773762529525	-35.2445457370749	-34.8371564598209	-54.158663710431	-34.8882286749267	-32.8903363575588	-50.2831748282522	-32.9702256928646	-38.7347469307268	-48.5679671158171	-39.2112545534948	-30.6334166881303	-44.3134826739511	-30.8236357125101
32	-53.517886293423	-43.8510912305964	-51.9144508272661	-44.5886645713014	-31.9456773262809	-63.9678406095509	-31.9484044468051	-34.195370695401	-41.1546562010841	-35.1721078579675	-33.0981845096895	-52.7821014532143	-33.1451456417617	-33.3802687219292	-40.0596653264664	-34.4305371122289
33	-48.2256191448775	-45.666118956969	-53.571727296637	-46.433532157561	-31.4506866089137	-64.1546128651774	-31.4530174261516	-29.8444733413068	-35.6984481475103	-31.1508539840623	-32.1898464115719	-52.2318992303263	-32.2330717601563	-30.6854627540473	-36.1364034173988	-32.142645800427
34	-40.6890499951608	-32.7958322897652	-51.8268586577452	-32.8504596455626	-32.7643267725521	-57.272319984007	-32.7797350886095	-25.7411015927898	-40.6828497777135	-25.8825714067182	-53.3099784970732	-54.3617603386238	-59.9838475961135	-26.5049392530225	-42.3446098117735	-26.6196328878759
35	-37.2730889680865	-30.6288252305276	-48.227320604744	-30.7049870480688	-34.2737967364558	-52.247309928716	-34.3436069274153	-28.3955124266706	-38.7155815073446	-28.8189375896783	-28.9178996653451	-56.6413189654192	-28.9252415815822	-28.4400677099245	-42.2417298052973	-28.6249213471301
36	-35.7948854619079	-33.3498514413167	-46.404500345986	-33.5702937313452	-30.7183001571494	-51.1682369719055	-30.7576330410084	-30.8450539998385	-53.0935237309202	-30.8710098036001	-26.0762440658491	-52.830355259909	-26.0854238421863	-32.2511899315506	-50.2767188710763	-32.3201623531723
37	-35.8538081430491	-41.6523639390576	-44.7034074162112	-44.6222990623268	-25.9816848947255	-51.6782102591641	-25.9933992221728	-32.4153147608497	-51.4091437231084	-32.4704150038837	-25.0021335710699	-46.6847711324074	-25.0317136083882	-30.219916061593	-41.5221690965615	-30.5542404001646
38	-37.6843338868062	-33.8797073937664	-44.8209673396748	-34.2442584612996	-22.5599616689638	-53.9799354843293	-22.5630945475502	-26.4654815386221	-39.8841221247801	-26.6677815893918	-20.7390936081129	-44.2155042842621	-20.7586424177489	-24.7731448163824	-36.0689025798311	-25.1079893368745
39	-42.653528977383	-37.4669811246938	-44.0212262416283	-38.5521264632127	-20.5136776508227	-56.9587470542427	-20.5146624022242	-25.9162389370577	-36.7859122586031	-26.2871150180826	-20.7770188480142	-42.6561881445544	-20.8052858640877	-24.3958024768511	-33.6784550837373	-24.9409196381936
40	-54.5341053762078	-43.915982841571	-44.8553359547711	-51.0267513317345	-19.2140427217683	-60.4483084433058	-19.2143695910303	-25.9043143240424	-41.2342136679434	-26.0335070313162	-19.0120497601849	-43.5436262001033	-19.0273744847726	-26.0543986727206	-36.8394835898368	-26.4328963935478
41	-41.4269646855933	-41.4830463632177	-44.1000224134778	-44.9258718632305	-18.5514499001272	-74.7882626481038	-18.5514602302041	-24.7185181289075	-38.771749239838	-24.8927565778072	-18.4610513571285	-44.0133222025461	-18.4731618721251	-25.0672579557501	-39.7191841917242	-25.2186628590253
42	-36.6267031051568	-40.2308245402327	-43.3857042396623	-43.1012032489707	-18.3969529946271	-55.3496056853921	-18.3978291131199	-22.9496279885938	-32.2802278300982	-23.488372849998	-18.2778383928615	-44.8719006450298	-18.287363157158	-22.6848927590643	-31.850427171696	-23.2459149654106
43	-34.9660815072354	-33.3876108041852	-43.5188055111837	-33.8308501845746	-18.5526091651717	-49.8865225865614	-18.5558047675778	-22.063420655207	-35.8956251580122	-22.2469510785786	-17.2328038897137	-43.8177526695958	-17.2423486842839	-23.3847721160402	-35.2635543284665	-23.6761062485257
44	-35.5873236234213	-36.688658697823	-45.2735469041358	-37.336204608068	-19.0954524566065	-47.7509000564898	-19.1013753738351	-23.9851022423248	-34.3770887384428	-24.4012292380854	-19.4594009167647	-43.6599249253181	-19.4759417998552	-25.7116493984725	-35.6579151835888	-26.1752360197257
45	-39.255597677326	-40.153096477864	-45.415211794864	-41.6879106307205	-19.8773958862154	-47.0966930649215	-19.8856423328054	-24.7760749032199	-30.0741105807552	-26.2957513981241	-19.8801522093056	-42.1350037477382	-19.9060697859687	-24.1137732887927	-30.6700691950161	-25.1983366856767
46	-54.7232622361124	-37.7084121462931	-45.3402957188299	-38.5307791169528	-20.7208334675692	-45.9967329486834	-20.7337408915092	-26.3390909762838	-28.7177277335081	-30.0888236564306	-19.6439840797474	-40.3230472461569	-19.6812869114802	-25.4773063473337	-28.8145721934568	-28.1835424306878
47	-41.2494953170644	-38.9866289696466	-46.9927825638719	-39.7348746569873	-21.909887121086	-45.9172195602523	-21.9271819201399	-24.7988561715251	-29.5533945874669	-26.5681298960701	-20.8441591479147	-40.517081399111	-20.8912399659819	-23.6401513820026	-29.3679847502923	-24.9916839568836
48	-35.2373518015371	-32.7080669657436	-49.1481002161344	-32.8077812000411	-23.193726256078	-48.3822025537844	-23.2068965367145	-26.4083164250019	-35.1000438100238	-27.0389260478789	-20.9038297960586	-42.8705382368636	-20.9315309453897	-23.1222669142655	-34.7036040769903	-23.4350146281292
49	-33.3755088588461	-33.6352760277898	-48.3042588367584	-33.7860770423699	-24.9870275414257	-49.0339261222535	-25.0041651829207	-28.0198800111629	-31.9249238511317	-30.2886551495177	-24.2532442814529	-43.7109157459081	-24.3027310566637	-25.0006507925382	-32.2571739694965	-25.9055301333704
50	-34.3066949456703	-42.7343102668226	-45.2715801350796	-46.2755320929692	-26.5247836551965	-49.4963259143439	-26.5467484860932	-30.4030196098068	-30.7238307696675	-41.8777862502126	-27.3795398443341	-43.4929569244893	-27.4871396497194	-29.6939975393431	-30.1179892796711	-40.0085379739564
51	-39.3677399607461	-36.0646422922858	-44.2026163552584	-36.7885435324	-28.0533582053185	-50.1917787052635	-28.0799821731353	-28.4958489113932	-38.752122439901	-28.9258604875626	-25.3902320873594	-44.4063110432708	-25.4450489754283	-27.9806619852157	-35.476483762242	-28.8319390891235
52	-52.9253140412304	-36.7269469081295	-42.1333956212583	-38.2019958655413	-29.5997787874723	-51.4505725277054	-29.628231705092	-30.2719470551994	-37.0037433237192	-31.3079893136019	-28.1272143432918	-44.2173190853847	-28.2354005562408	-33.8932273588383	-42.0585582125453	-34.6121849964781
53	-36.3309285279057	-34.3756941874938	-42.1132459499255	-35.1763524478498	-31.3771116497771	-52.8763344995032	-31.4079722338837	-29.7689688475371	-30.3030313293963	-39.1351863930083	-27.5859715962792	-45.0835664316548	-27.6639397776961	-28.1799761004798	-31.4681259820499	-30.9291383750056
54	-32.3033035944562	-29.310681477219	-43.6455091197728	-29.4737727001892	-32.9779304368024	-55.1548416490793	-33.0043187687508	-28.1603450274389	-35.1522923284453	-29.1288835247553	-28.148389069977	-45.1693825434493	-28.2354920136107	-24.0843955852094	-35.3084276898975	-24.4250405923588
55	-31.9107100933412	-30.6703294436941	-45.116334263405	-30.8292222545823	-35.3354061765386	-53.6671050558441	-35.3996486997274	-27.9814211187523	-35.0077427234449	-28.9414139072258	-35.9908745416113	-44.3138733860798	-36.6820442283	-24.8195223944299	-36.4405157895745	-25.1293234901118
56	-35.2664577123148	-37.3506154954252	-43.3008974154948	-38.6236974979793	-37.1287716132541	-51.5421152724925	-37.2888862676422	-28.8989388538706	-37.6374754376478	-29.5222787592122	-41.5941408581053	-42.3274017901611	-49.6808717193279	-27.5452586883783	-35.2175465138461	-28.3592496351736
57	-55.0043931879655	-34.1744724371047	-39.8435282200087	-35.5476624098744	-38.5373297761206	-50.5791628890211	-38.8175747963168	-31.8011204153647	-45.0786580098171	-32.0102646013569	-38.0087804966154	-38.8361269486994	-45.6168575468995	-36.8473446650592	-38.8323259782116	-41.2023775804615
58	-35.9226162505751	-32.7529140142084	-36.8286870213507	-34.9083208581391	-39.334458889273	-51.1874113326123	-39.627590889477	-37.7279860324284	-41.0994138491954	-40.4048952405794	-31.8975286208914	-35.804505378935	-34.1649781251945	-31.3890695885782	-32.6882873709575	-37.2635195616738
59	-30.6448603400603	-32.1977074354685	-34.3933077194231	-36.211666095209	-40.208965758914	-53.4518492543693	-40.4198268052453	-35.1498970820213	-36.4237708297976	-41.0978554646533	-29.9366104505499	-33.567236658701	-32.4042155556463	-30.4494011016985	-30.7530653242508	-42.1542554033937
60	-29.7919551709487	-30.4714690113486	-33.2624662460936	-33.7127373532161	-40.8435022076224	-57.7452725436796	-40.9330546022452	-34.3534231824786	-34.6060533552001	-46.8321168941489	-31.1578235632649	-32.7955814770516	-36.1863451982904	-29.9293532850703	-31.3154575056953	-35.5638722627527
61	-32.9661626996778	-32.3724087347507	-33.0870945138091	-40.5615440014346	-41.2440043776407	-59.2117210164958	-41.3139085612949	-35.1916816004097	-39.9189799969114	-36.9747189126568	-32.7268347155041	-33.0678707564277	-43.946077278822	-31.246037942196	-37.0539532735664	-32.5686994833182
62	-53.6185168045406	-31.3023001612949	-33.2396587582594	-35.7407718466196	-42.0109623198075	-57.3858469666111	-42.138803934512	-32.7569283151079	-39.1765670678697	-33.8810544673075	-31.5309890933793	-33.7090130056015	-35.5718003393085	-30.5090843269544	-30.6018385791324	-47.2598837417578
63	-33.2690963594306	-28.2636467835856	-33.8381114523312	-29.6725464530354	-42.4643347342685	-53.8994351288445	-42.7882019632124	-30.6669908869401	-35.7035841170758	-32.301056518821	-30.0069891048653	-34.7032117682916	-31.8058878646155	-26.0612084736879	-28.7381490052335	-29.4325995353829
64	-28.2192516804671	-30.3311680819939	-35.0765700722491	-32.1050437028906	-43.8540782309963	-51.3319814995349	-44.7092452319163	-31.2306404516992	-39.1566338857416	-31.9941246897025	-31.4963191471612	-36.0238828754395	-33.3843815398873	-27.0138977658226	-30.8832291578162	-29.3073453745462
65	-27.7873066103873	-36.9162425341969	-36.9881869997993	-54.7600343106284	-45.4056329162926	-50.9227479575395	-46.8367121620251	-32.3286445549978	-37.0629791258854	-34.1081142329423	-36.6332523439834	-37.4720619351375	-44.1871180466639	-29.1996206777689	-31.2943601789777	-33.3715163394247
66	-32.2265413025278	-31.1059912352701	-39.4912268063944	-31.7865140200455	-45.8715293044104	-50.6444209304261	-47.6316025989333	-27.653795847849	-37.5250679644381	-28.1259122560001	-32.2561222098063	-38.9056133963664	-33.3146081811998	-31.5145150387332	-32.8218742108564	-37.3657027934287
67	-45.1412184109582	-30.0234135422048	-41.4730966913057	-30.3461537528619	-45.9533129506833	-50.462465468418	-47.8514343698772	-29.0200605331984	-34.0823446733649	-30.6424403665315	-30.2295741658566	-39.9767376992835	-30.716172634441	-30.8710348296411	-31.4838135606517	-39.6786285115297
68	-28.5303972162317	-39.7354672428204	-43.1177197406953	-42.4031727635018	-47.153270979414	-51.375381647293	-49.217173856279	-28.7318356819127	-31.1374983025149	-32.4447810621041	-36.8974048149598	-40.7407014873441	-39.2090568423831	-27.0067692693425	-29.3065427003995	-30.8670238105909
69	-24.9485361672192	-29.4663145574587	-46.6066192060597	-29.5510339690936	-47.7148574944931	-51.524142369666	-50.0505736131372	-26.6771025191224	-30.8742384275345	-28.7562702582892	-30.1638983922305	-42.7215847285548	-30.4118425655961	-26.5183837513545	-29.5681599060478	-29.4895631080779
70	-25.7556217338771	-24.0744960200866	-52.1886115087357	-24.0812057989652	-48.2918223371365	-52.8854369828234	-50.1443337480923	-26.6889493971793	-33.7460762082655	-27.6413551437252	-24.201629690099	-46.5945955088049	-24.2267336552325	-26.8560724102161	-32.7648392425925	-28.1433867031487
71	-33.7417504971833	-24.6497630574313	-59.6863365927592	-24.6511251137297	-49.4854954710064	-55.6598997516648	-50.6848017864613	-32.8809320120877	-35.0595040073811	-36.920901755069	-24.4507418717318	-51.6875089468337	-24.4589551815348	-25.7582090520193	-34.5756720446866	-26.3694941728153
72	-31.7125369410166	-32.0670570151722	-55.7577030888898	-32.0856628715668	-50.3682899276212	-55.6106771041818	-51.9114940860185	-28.3461458696929	-31.6282039998537	-31.1006960178454	-31.3925717824521	-49.7460755696769	-31.4564901880321	-27.697980123643	-31.1363239942298	-30.3186652055351
73	-23.3756341934116	-23.1552170310805	-53.2236133560971	-23.1594942208634	-47.5291648833751	-56.770307552814	-48.0798635935917	-25.1394981096924	-31.1804173621775	-26.382133434181	-22.9284940293107	-49.5831637787622	-22.9378866521341	-28.6923855449597	-30.5200963707755	-33.3330070345034
74	-21.6333565576456	-18.71192023936	-56.9346928053127	-18.7125741821433	-46.1589778483615	-65.6240930175964	-46.2083793932212	-25.4985788438151	-34.197895898345	-26.1280035920218	-18.4169359972798	-59.0624374226216	-18.4173103257722	-22.7803011875547	-33.9615199020277	-23.1244582304493
75	-24.7768278812674	-19.1270097430595	-59.4107176115358	-19.1274165926346	-46.2656440795834	-58.9938398890179	-46.5037756101259	-25.6438871532745	-31.2820179369299	-27.0286342031276	-18.7623735481268	-53.4192961714176	-18.7638600531192	-21.4383009253042	-31.5482230363807	-21.8838322476452
76	-48.486784265042	-23.5732178930568	-53.70325778136	-23.577434772153	-45.8591489159958	-57.6427676603557	-46.1571638152458	-27.9310028215507	-30.9349642660624	-30.9476505548771	-22.9626355466266	-50.065877228605	-22.971105549827	-24.0841891598156	-30.673048301968	-25.1595593416664
77	-22.1558962418288	-20.859748620459	-55.9501552210861	-20.8610938949686	-44.8437583210333	-58.81047595438	-45.0215752307723	-25.3674452926003	-30.4244745948243	-26.9922071753224	-20.3530121421032	-57.935006015337	-20.3537700611468	-21.2054279010633	-29.9829531384033	-21.8227813305226
78	-17.7978178092488	-15.4411911366306	-59.8573149728684	-15.441348237932	-42.5182069197432	-53.524384081393	-42.8771194660079	-21.7150467277644	-31.0863674796361	-22.248441881965	-15.0803573497272	-50.1078326891174	-15.0817222628876	-15.6146379975772	-31.3736103494719	-15.7315119329634
79	-18.2594845355218	-13.6898513013625	-46.0692785559946	-13.6923629978868	-40.5774520975859	-50.8868003661341	-41.0019766572535	-20.6448509158899	-32.2198023842341	-20.9580758208893	-13.3590623517968	-42.7225368817643	-13.36409374668	-12.7157219154586	-32.0510738638911	-12.766630622284
80	-27.1787474567419	-15.5845665348316	-41.5610833188848	-15.5955485393336	-40.1357894548214	-49.3882913612104	-40.6849547481152	-20.5781679311735	-30.5199452278583	-21.0422604725258	-15.230391742444	-40.4993067066874	-15.2433199723306	-12.7664331678341	-28.6915677843897	-12.8788626463624
81	-21.1337265997555	-21.4948430220172	-40.7394079375443	-21.5468336132237	-39.9890639123601	-47.543704830383	-40.8277083568786	-18.8367851056574	-29.6449299375157	-19.2131889946608	-20.6743492820483	-41.1382886418244	-20.7135549796211	-15.03741951428	-27.510297503058	-15.2903982695163
82	-13.1808974250307	-14.5570840203773	-42.0209169732746	-14.5648785638734	-38.6556997819529	-46.6862999078859	-39.399364307488	-14.2740121899097	-29.314028251489	-14.4122659834394	-14.0808223856508	-41.7135825783486	-14.0883193092378	-11.0236604261958	-27.5675433947253	-11.1209919452654
83	-11.1740394338172	-9.88618443661868	-37.870135585113	-9.89309852385713	-36.7858670121796	-47.3462115973524	-37.1854199687557	-10.5031767316917	-25.7284618131565	-10.6355677548337	-9.51939053580749	-37.0393990881424	-9.52708481805495	-6.06685853214471	-23.8820655945347	-6.1392820722901
84	-14.5215473255459	-9.47720839800593	-31.7441056267139	-9.50305397466006	-35.4947908099306	-46.4862555691729	-35.8549732179775	-8.25308646096216	-21.3246921516106	-8.47264763870363	-9.1040464330393	-32.0592419885024	-9.12609430524592	-3.86237163453046	-19.3243282558236	-3.98763871286432
85	-21.478795098892	-13.8092674035615	-27.7768778578452	-13.9870470030824	-35.1810257210045	-43.0537834518572	-35.9548169483539	-7.35434899140056	-17.3488093120911	-7.81253985334155	-13.5344082796587	-28.6975811217422	-13.6687361436379	-4.06793818961851	-15.7379510354816	-4.37413664917876
86	-5.58845340124476	-8.95749717409064	-25.6856673217185	-9.05074123037118	-35.8821570932018	-40.5472910637645	-37.6970966974693	-7.5714837121313	-14.5823991466442	-8.53529614835445	-9.26847293396967	-26.8884694287496	-9.34425531933656	-5.08037023799257	-13.3869862919978	-5.7743723989542
87	0.527578442249358	-1.315155576209	-25.2902014858224	-1.33257968743117	-37.5086359361095	-39.7893809567446	-41.3962918131901	-8.87234121776353	-13.8387874799537	-10.5388324843733	-1.40192312121431	-26.6289412516083	-1.4149768631247	-2.14268548113585	-12.8694874656717	-2.52652967496329
88	3.97772875108113	2.8848478876541	-26.8422749010843	2.88022084648188	-39.7663036896461	-41.1281053977812	-45.4661311623078	-11.4477603846503	-15.4719652567318	-13.6366327788481	2.86402644954671	-28.2507541545377	2.86066540481645	1.93109961933357	-14.6517717119083	1.83464770571476
89	5.82723390512289	5.08743953022235	-31.7417325461836	5.08653814139167	-42.000908725208	-45.9433631646002	-44.2442024266366	-15.0449519321703	-20.5685926822095	-16.473486864278	5.09017374650912	-33.2397935974379	5.08953574827534	4.37232355678757	-20.01350043375	4.35647483991399
90	6.41486042283538	5.78092494864338	-70.3748693846823	5.78092484339755	-43.2812864767053	-64.7467478946947	-43.3123887659483	-16.8777995412723	-34.8111480333944	-16.948263640316	5.78923319660785	-62.1050465167182	5.78923249133628	5.12351317632846	-34.6686377377566	5.12305756763723
91	5.82723390512289	5.08468022428063	-31.5599518689267	5.08373970408149	-42.5050487344641	-46.1302130537099	-44.976837178232	-14.2308673526368	-20.608970869547	-15.3673404932593	5.08554243358352	-32.7967800389698	5.08483516001687	4.26944388180406	-19.3769265754698	4.2506469583545
92	3.97772875108117	2.87859757671378	-26.7529087101385	2.87386747841587	-40.1426426227437	-41.5975862018463	-45.5992055800084	-10.9670825019766	-16.2909822143102	-12.4759688295998	2.85511423740086	-28.0836526598357	2.85161411996772	1.7277009331546	-15.0576406993428	1.63568932826826
93	0.527578442249441	-1.32933562742582	-25.2140259517043	-1.34712679841844	-37.7502348086739	-40.3286689612639	-41.2401361646809	-8.80283258103085	-15.2781405124062	-9.91064823274709	-1.41809218893694	-26.5204037099259	-1.43152678818419	-2.44242069451946	-13.8772594233662	-2.7663081833787
94	-5.58845340124471	-8.96943218934805	-25.6223747037955	-9.06432339868046	-35.9400420614113	-40.8072326545854	-37.6537494947927	-7.9059007342334	-16.4156433020927	-8.56565177314571	-9.27886104642166	-26.8084586779148	-9.35625166768413	-5.43112463009841	-14.7693197669268	-5.96886734930518
95	-21.4787950988922	-13.7244107165798	-27.7842484892526	-13.8983789320937	-34.9845436867042	-42.5219077486726	-35.8268771735286	-8.09918874712775	-19.9788784927446	-8.39045991896581	-13.4398495540771	-28.7352397535298	-13.5700885281418	-4.51282949183469	-17.9086948200571	-4.71621853026664
96	-14.521547325546	-9.50671366105169	-31.8816888147516	-9.53192213817122	-35.1405504639617	-45.200049651799	-35.5915643871366	-9.22865777679365	-27.106448675242	-9.30003658191229	-9.11920165700037	-32.321524877947	-9.14002703254959	-4.32283874937148	-23.7551140266439	-4.37261742524005
97	-11.1740394338172	-9.95357015581759	-38.0375519439676	-9.96032668902104	-36.4406235817575	-46.8662490586641	-36.8533823021391	-11.4346109132426	-32.9796599677259	-11.4651464309237	-9.56970597859374	-37.4362583852738	-9.57680967196336	-6.41082454006057	-29.1370454963558	-6.43406923935263
98	-13.1808974250306	-14.6208320412874	-41.886872717165	-14.6289901236201	-38.4114302141825	-46.6819980458497	-39.1117091987625	-15.0168844737529	-31.9294134099724	-15.106213004014	-14.1294921089605	-41.542680385296	-14.137378162599	-11.1046830832923	-29.5424949990624	-11.1673637175006
99	-21.1337265997556	-21.382815902835	-40.7971102043488	-21.4328022963247	-39.6473867037116	-47.0488245017494	-40.5193750767646	-20.7443035222888	-31.9004543304592	-21.0905343781248	-20.5122228611492	-40.4070933291024	-20.556945919881	-15.7203785074933	-29.2739524796857	-15.9163480351442
100	-27.178747456742	-15.7205559310421	-41.8159803711828	-15.7312409675305	-39.6155163971322	-47.9723398171835	-40.3008775188904	-23.42161302671	-34.0504742998734	-23.8146200958509	-15.3130169621493	-39.7963979808792	-15.3285130040184	-14.2435631992756	-31.4581211888671	-14.3268325788834
101	-18.2594845355218	-13.8588194697636	-46.0503032024352	-13.8614422812201	-40.0689777427977	-49.8168184093463	-40.5554959364991	-20.0806275469727	-37.3744527380539	-20.1623766195096	-13.4924678840838	-42.0454812762982	-13.4985322605765	-13.8271343186499	-36.9889212326268	-13.8481554580843
102	-17.7978178092488	-15.5594030085657	-56.1746245958194	-15.5597799561807	-41.925785775034	-52.8803311210499	-42.2891754432175	-19.8742185935218	-35.5086738625045	-19.9945394564992	-15.1673658579328	-48.4001094569857	-15.1694293990381	-16.3419310169666	-36.2429965747499	-16.3865899960758
103	-22.1558962418287	-20.9553703731343	-59.5515237433719	-20.955970439075	-44.0758519663403	-55.9857903361886	-44.365032650137	-23.1678345155815	-34.4390493162308	-23.5046521949025	-20.3994961035622	-54.6511987333405	-20.4011280114484	-20.7737326890991	-33.9835220967775	-20.9862467876562
104	-48.4867842650407	-23.4676192074581	-53.2845079856317	-23.4721515427504	-45.192609221344	-55.3554149204917	-45.632465665236	-30.7290825233049	-35.4562421268276	-32.5121902970466	-22.8434073805655	-48.418157401755	-22.855455286421	-24.2881280494719	-35.0484958041508	-24.668883589814
105	-24.7768278812674	-18.9403364828168	-55.5145051626048	-18.9412923889272	-46.5997946104438	-57.3701416990958	-46.9796368879169	-22.5645382733173	-32.0338873822751	-23.0852850623879	-18.6021140616867	-51.1301683411695	-18.6045412319138	-22.6984404252833	-32.4164527376267	-23.1885081156982
106	-21.6333565576456	-18.5878414093043	-58.7021581277669	-18.5882644418598	-46.8539413106786	-58.0352440954839	-47.1980914204001	-21.4063569715153	-31.9255385664192	-21.8098973012593	-18.3331616180977	-64.9207549459917	-18.3332569042396	-22.602490126141	-32.1973472996764	-23.1075056262612
107	-23.3756341934115	-23.0954254297496	-52.8541326969098	-23.1000189246555	-47.7216264554403	-54.8182324319066	-48.6644062872884	-24.0216842318649	-32.6211426660452	-24.6668919139319	-22.9534035123597	-48.5894199038316	-22.9652824193562	-27.1814861313565	-32.2089749357935	-28.8197172269311
108	-31.7125369410165	-32.2188165828412	-52.0779420838007	-32.2639111829707	-48.685270199809	-53.7878303236877	-50.2895309085309	-30.9264406216964	-36.038398190131	-32.5265085667054	-31.5634541566793	-46.8730907529497	-31.6932601624038	-28.362867306035	-35.1924997283063	-29.3729234472988
109	-33.7417504971836	-24.7880910797465	-57.1129928523248	-24.7906345185913	-47.4573922059555	-54.6936478835439	-48.3669800726334	-35.3700716424867	-46.7872310857467	-35.69533103131	-24.5075299511707	-49.9170227378438	-24.5200458105582	-27.5618952000005	-45.8124528618902	-27.6273584550973
110	-25.7556217338771	-24.1158166864516	-52.0074701603485	-24.1228794074766	-48.1407313199824	-54.7821835518698	-49.201438616505	-26.7725478616529	-40.7892249061868	-26.9482892468045	-24.207857931154	-47.2819928050097	-24.22930870287	-29.3339297769519	-43.5795113022241	-29.5004729000335
111	-24.9485361672192	-29.3543285220853	-45.8299391255463	-29.453219902097	-48.3030039868115	-53.6831933539431	-49.7887186779305	-25.4213674334753	-34.2863116523212	-26.025521140738	-30.1156106141218	-43.305654204737	-30.3291173369118	-28.2586803746447	-35.5170062578001	-29.163142222128
112	-28.5303972162318	-42.2611762640377	-43.7743512170831	-47.5747699882107	-47.6780980351715	-53.9967379758557	-48.8325169226262	-29.2684564469932	-35.2292506110711	-30.5379634896457	-39.5847108832119	-42.8179554803008	-42.3829543711818	-28.7607678486682	-35.8473913689926	-29.7059713600362
113	-45.1412184109575	-30.5931724633805	-43.198310106101	-30.8383448171941	-46.8480310659643	-52.8813408098468	-48.0931900741872	-30.0555993912754	-34.4944647645666	-31.9927366736316	-31.0190866563443	-43.309780846195	-31.2832396892198	-31.3320822499183	-34.5760404836855	-34.12065593432
114	-32.226541302528	-30.4209931117479	-40.6059617998426	-30.8584939209618	-45.9915338992648	-50.8789450558209	-47.6954926311282	-26.9936015813853	-34.6267060886961	-27.8157140642063	-31.7202190506467	-41.513345429219	-32.2014002129686	-31.1166721463296	-33.1167706245168	-35.4457381153427
115	-27.7873066103873	-37.4974816465975	-37.8121112420853	-49.0536941421832	-44.7804397249007	-51.232612867086	-45.89500082464	-24.9817825041116	-36.8601727086824	-25.2731438367235	-37.7738373854698	-39.1858553193917	-43.3401754866422	-24.7752433652778	-32.8845843237946	-25.5043584041104
116	-28.2192516804671	-30.7305787418824	-35.6493290254901	-32.4195604137223	-43.5985416827136	-51.9455383698579	-44.2855848527282	-26.876482087954	-41.2088889952319	-27.0396659724255	-32.0804361525155	-37.0843047338005	-33.7295335802206	-23.979626052408	-34.2259934146796	-24.4106699773251
117	-33.2690963594305	-28.4897228195717	-34.7046200392539	-29.6762292438479	-42.6389522050801	-52.9474280057738	-43.0635663662245	-28.4791298075803	-37.6958857288994	-29.0331359790664	-30.2500446398489	-35.6332658863307	-31.7345232382263	-25.3050573311774	-33.9034581065295	-25.9504344399549
118	-53.6185168045425	-31.3370592875274	-34.1819949328035	-34.5192701501917	-42.1001029212667	-53.2441675568479	-42.4473382806376	-35.0006222067238	-36.9783749833929	-39.3681589231643	-31.2546897820467	-34.392463716891	-34.1411509268807	-31.0530960928305	-31.7328516921953	-39.442856847647
119	-32.9661626996779	-32.9973708617006	-33.8949069120827	-40.2857370023389	-41.0291558947522	-52.4147183846734	-41.3568822279118	-36.0084296681105	-40.8197420714686	-37.7494303270516	-33.0961540887662	-33.324401815098	-46.0035566516975	-31.5401805898815	-32.5560993227091	-38.3474959081583
120	-29.7919551709487	-29.8002931624555	-33.7247046775935	-32.0558303570034	-41.1940530987853	-50.0617530909272	-41.7977956505549	-30.4679559263509	-39.2850677740591	-31.0792941220075	-29.7120435937871	-32.564936102956	-32.8856713905999	-32.3338857838664	-32.8014820081767	-42.2447195397021
121	-30.6448603400603	-30.8672562288567	-34.6252966102125	-33.239844405188	-40.1766819057501	-49.9053336541451	-40.6654803997935	-31.1216771440872	-37.4233491662148	-32.2812758447978	-28.4357104333002	-33.2471331813282	-30.1766566780789	-28.3184979744303	-30.0140636065862	-33.2234303013113
122	-35.922616250575	-31.2514491285733	-36.520169689426	-32.7834663059278	-39.5595048047399	-51.6641786000349	-39.835593246385	-30.0665340428194	-33.8320388591437	-32.4337046103572	-31.1466821937525	-35.3468090528502	-33.2240143622272	-25.1546471594663	-29.7185011843577	-27.0230739158036
123	-55.004393187966	-33.2533232920797	-39.4259175761113	-34.4532054282208	-38.4225743995752	-53.0900798351357	-38.5734276235405	-29.1744990841809	-32.582798391666	-31.8202311163708	-37.4038070016778	-38.9851153474154	-42.5581747015052	-25.4295089731071	-30.5668217236861	-27.018329621622
124	-35.266457712315	-35.3611143678866	-43.0085591869878	-36.1802442615469	-36.6874549712287	-53.2039096199002	-36.7854101495666	-32.8721203058963	-32.9431509800521	-50.7709709843749	-43.5723503658948	-43.8572729888068	-55.5446066234837	-30.2156971136592	-32.1299545956498	-34.6955657180211
125	-31.9107100933413	-29.3422792093166	-44.6513430038196	-29.4721025950822	-34.4252998253098	-53.4092594451565	-34.4805262264652	-32.2640291275461	-34.0918925135021	-36.9043590691745	-33.2017651981165	-46.5416500574096	-33.4078564897422	-26.4463925389499	-33.7515993865245	-27.3400716510908
126	-32.3033035944562	-27.8199630401654	-43.0281162990751	-27.9528854340063	-32.543350591475	-52.7708802660304	-32.5847601093968	-28.6001231954741	-35.6870652792225	-29.5452492545796	-26.5454374422269	-46.3601231470431	-26.5909982894791	-24.2706108173445	-35.3760890633921	-24.6210735063144
127	-36.3309285279057	-32.0231777990612	-41.7479118098443	-32.5124432419108	-31.3979232267299	-50.6957121104799	-31.4492767885217	-32.4289033125504	-37.319746783766	-34.1312139281697	-26.4090403166474	-44.7181888357326	-26.4736197799366	-26.9339948337998	-34.0589911341847	-27.8699193701408
128	-52.9253140412304	-34.7454518215653	-41.763443355112	-35.7075077826018	-29.819587854052	-49.6527467488674	-29.8649543012601	-31.0290381561855	-31.1021120823214	-48.8057425831434	-26.7832899794549	-42.6932797584534	-26.896117355714	-27.9925551317088	-28.9928541048935	-34.8596538995646
129	-39.3677399607462	-35.1217080441899	-43.3851043299335	-35.8232430741386	-28.2288071471626	-49.5546184918817	-28.2609295709985	-27.0647173384212	-28.4399650668321	-32.7282447010901	-25.1611546288186	-42.0384865251484	-25.2512176456581	-26.6135560598369	-27.2606529090281	-35.2012381076138
130	-34.3066949456703	-43.6107987299912	-46.7439046469724	-46.5016700429077	-26.5307526288544	-51.0349129677512	-26.546174573731	-26.7658433806975	-28.856347945108	-30.9445799907741	-27.3609040669618	-43.5639549517116	-27.4662790011542	-26.7568860502609	-28.2675100375969	-32.0766058213532
131	-33.3755088588461	-33.7725958611997	-46.0756636488111	-34.0359741030077	-24.9692919408214	-50.8756177555912	-24.9804531094246	-28.5652387891518	-31.113936643586	-32.0921032232084	-23.6113779314449	-42.4915437388815	-23.6679488467982	-27.2258228763229	-31.6180168900568	-29.189416845947
132	-35.2373518015371	-32.8830610524021	-48.7405770277109	-32.9972781320648	-23.332834449791	-49.4612044764697	-23.3434386375827	-33.9498491418269	-34.7914915680622	-41.4904432983213	-20.8484356064516	-43.0978972007161	-20.8743854652319	-29.8449972894005	-36.074329691184	-31.0269785389823
133	-41.2494953170643	-42.0699104923462	-50.3798124641731	-42.7633435349865	-21.868090084479	-49.8897300075689	-21.8749443825859	-30.2184489380625	-46.9523234284697	-30.3115692795497	-21.3991150470594	-44.3585253547353	-21.4211414782438	-28.7530723888855	-45.073689311663	-28.8555995403639
134	-54.7232622361141	-39.5042252273938	-48.8814956799365	-40.0368434795569	-20.5368964892802	-51.2525242403663	-20.540581220039	-26.083292133508	-42.8610559457955	-26.1754661430072	-19.6546769545158	-44.0042986390741	-19.670658581104	-25.1442034754395	-46.3816904471477	-25.1769883727556
135	-39.2555976773261	-42.3322817376288	-46.2357685692271	-44.6021254272328	-19.5614903921768	-49.2545596581395	-19.5661538766814	-27.0135359996111	-41.1612684488551	-27.1839494529979	-19.5354335607221	-41.9743677311221	-19.5602724543151	-26.0096304741957	-43.442930273527	-26.0887721801411
136	-35.5873236234213	-39.0864609255974	-49.8405036785558	-39.4677964882724	-18.8754793132434	-48.9471658466266	-18.8797532622666	-21.4045162981771	-38.4036817874886	-21.4920625835291	-18.8042752573256	-44.7376769223693	-18.8153669700394	-22.5809663759106	-40.5360932274436	-22.6510751460866
137	-34.9660815072355	-33.0122573201262	-50.6729815682927	-33.0873261979459	-18.441834632691	-50.2141710193071	-18.4447232838414	-23.2056402380988	-35.6716178676787	-23.4590332290595	-16.9784180299215	-45.1257965229693	-16.9850765750374	-25.9611428060095	-37.2062659999291	-26.3000714058766
138	-36.6267031051567	-35.0989140776858	-47.1848023598066	-35.3762383698189	-18.3599842897077	-50.8501973063585	-18.3624327069247	-21.8031291584375	-40.0095537630393	-21.8692661604371	-17.7674262083643	-44.7149158538526	-17.776205798711	-21.9118542784868	-43.3178374071651	-21.9433870164164
139	-41.4269646855932	-43.5283321167413	-48.6662468972998	-45.1168868608635	-18.6240290500165	-55.0487830830616	-18.6250184191921	-23.1459574434127	-34.8955601223765	-23.4463986561742	-18.6047345787189	-49.3730978513891	-18.6083748184323	-23.3100198474391	-36.8548944880397	-23.5063913329983
140	-54.5341053762076	-44.1923302665639	-50.1099771452389	-45.4765849002806	-19.2870411834727	-55.6506945360855	-19.2880445720312	-24.4315128140383	-35.2620451898742	-24.8058954885811	-19.5806747965174	-56.0030148625941	-19.581664715836	-24.3537374177474	-36.9160970541501	-24.6014071797522
141	-42.6535289773832	-42.0598317416442	-54.1500307537245	-42.3368719380544	-20.5190863269074	-53.1439001676324	-20.5214600038199	-24.2305467132678	-36.3182609196235	-24.5077506324126	-20.4824524781717	-50.5870890637422	-20.4866941075358	-23.3779148805917	-37.4966043878685	-23.5494946600368
142	-37.6843338868062	-37.7203183046599	-54.6991013734353	-37.8082806291221	-22.6770529608266	-51.8869641137101	-22.6822655536238	-32.7163057037012	-46.408695150919	-32.9059737879116	-21.2758527941622	-47.4114325681714	-21.2864393710299	-30.1085405013284	-44.6723334414267	-30.2631052073758
143	-35.8538081430491	-43.2040450125501	-48.0641912884901	-44.9211644806676	-25.9474515376108	-64.3069443135371	-25.9480852128203	-33.7988341842956	-33.9787898630405	-47.7146888856405	-25.6481692712773	-46.945480637209	-25.6805039765591	-32.0992216953735	-32.4338359228611	-43.3978537270246
144	-35.7948854619079	-42.4360564324761	-46.2713492952144	-44.7533424257024	-30.7067116571521	-51.8858063223244	-30.739942036902	-34.0342816571526	-34.7808466985709	-42.0493847447274	-29.1426004770424	-51.5267003078151	-29.1677558923557	-33.1487351733467	-33.3999165526783	-45.6516892709912
145	-37.2730889680865	-36.884533498147	-44.0332645118398	-37.8147694245314	-35.619088759707	-47.2179879775003	-35.93052797529	-34.0570850012301	-42.283302672636	-34.7651708385626	-37.396934356797	-54.1745530292524	-37.4891114796971	-37.2015810105739	-45.9102486078599	-37.8295492694084
146	-40.6890499951608	-42.4384487042405	-46.6782865376925	-44.4916019175678	-32.2480346104759	-45.9976085544062	-32.4351674299837	-39.368597985785	-49.0314126524497	-39.8653064837654	-33.198764767466	-54.9659555365209	-33.227772569119	-36.9254308979715	-59.0995025509623	-36.9518365416911
147	-48.2256191448775	-44.0458670050429	-49.8687832746527	-45.3632003920516	-30.2455284963317	-48.9114602869422	-30.3049796516943	-33.2064268258709	-44.6777744811513	-33.5275002177607	-31.2835396645213	-58.547940281399	-31.291700831131	-33.9910370094074	-48.8094206817283	-34.1366520900929
148	-53.517886293423	-39.5497222367168	-47.4791329513886	-40.3125499878453	-30.6841811579931	-55.0523817931374	-30.7000944366868	-35.890949953394	-42.2671906743779	-37.0279804379161	-33.6623826662663	-50.0258987676709	-33.7638901801878	-40.6050346073053	-47.6089069391988	-41.5705988797751
149	-43.6174816759201	-40.7673707931874	-43.380204040676	-44.2152120575437	-35.0376996544032	-55.5589213999832	-35.0763893385998	-32.2983134744225	-39.4484068123449	-33.228224053969	-36.0043171834033	-42.5767851499198	-37.0843038545023	-33.0231426880478	-38.2250702766504	-34.58372470696
150	-40.0472733690711	-37.5034977217304	-40.877206509722	-40.1784640016802	-48.9420081911654	-52.8817428138809	-51.1871420355366	-32.6208559699268	-38.9331885491177	-33.7771972280805	-37.8682718446989	-39.7140888330526	-42.4744986270078	-31.810002334933	-35.7524467083763	-34.0533028431068
151	-38.6273268858262	-33.7104273056187	-39.3754872893317	-35.0851042107836	-38.5545549993107	-49.9816359225301	-38.8790437474338	-31.4238291598778	-35.7479074636969	-33.4268477261165	-36.7570075105608	-37.8412259825207	-43.3145195352393	-32.5254509603609	-32.6805689665815	-47.0740000896044
152	-38.5166352224457	-31.2181204583466	-38.3606898271496	-32.1498294735311	-34.5433259915589	-46.5836410775745	-34.8236722166732	-36.075403768075	-39.9325861849142	-38.377323307284	-30.184330577684	-35.9074551093328	-31.5375834558563	-32.8680660045266	-36.2502469761446	-35.5358322012733
153	-39.5048570973125	-31.7982673503396	-39.1633787707185	-32.6783746874925	-34.9082333486428	-45.1930977272209	-35.3352799305554	-36.1613589153261	-51.434758166009	-36.2922691055695	-27.5328364522995	-35.7464718001343	-28.2431542605312	-36.5677110789582	-39.7760702286718	-39.3885917078078
154	-41.7064122420344	-34.2787347736427	-40.0990514259722	-35.5969897282392	-40.3534462780252	-44.179308540212	-42.6773933303797	-34.470755685589	-50.7470600652238	-34.5743469516969	-30.8281234025645	-35.8963425711674	-32.4478178829114	-36.672446578686	-43.0975254613457	-37.7949668780737
155	-45.7611311725708	-35.9532818373655	-42.134273596076	-37.1504951230927	-37.8611811904304	-43.6281537242763	-39.1985128690108	-43.6789108097319	-44.0891405395559	-54.1299830209044	-31.3423043584964	-37.0759622011015	-32.6917125678698	-37.0713651972086	-49.4032015724782	-37.3329510910351
156	-54.7678099875775	-35.3278062368559	-45.7631219634764	-35.7395999832171	-34.0530738827804	-45.2745644361149	-34.3939263323809	-44.0245191239532	-44.0496428927794	-66.4140701792087	-28.946044463144	-40.266403504386	-29.2789231871069	-35.5695342162059	-55.4540193209233	-35.614364904532
157	-55.5119121440632	-35.1279949188105	-55.0813863128031	-35.1721163279795	-33.9081132203305	-51.1164967556091	-33.9915022146121	-35.0641323547678	-45.136853362928	-35.5137018044533	-28.5364290765381	-48.3428084300552	-28.5820776072298	-30.8176637863697	-44.0785970827244	-31.0276288013796
158	-46.7016059002826	-37.6919701820523	-61.8830916121119	-37.7085469838474	-39.8563648649406	-56.3643151498116	-39.9545142332868	-29.8794307013934	-35.733049531341	-31.1859362795916	-32.7184332997572	-55.8648497510203	-32.7395291498992	-27.2213984682779	-35.4416950760214	-27.930533691215
159	-42.9737243819931	-43.7181018740541	-54.9288635249677	-44.0598314696746	-42.3805783546803	-49.2248480740107	-43.3868099458135	-28.912253299247	-34.6085577052673	-30.2753532604517	-43.1283978259931	-50.1285548400358	-44.0948876427913	-27.6404745170656	-33.9726405416555	-28.7907831537974
160	-40.9478041998982	-36.8947076337371	-52.5296889765864	-37.0150137190349	-34.8525003768911	-47.0994821085421	-35.1194093916746	-35.1534871866372	-44.8818140867307	-35.6423243809022	-30.8458115651863	-51.3540208684298	-30.8846178664802	-39.4859833874784	-41.8751696012863	-43.221291895138
161	-39.8401360373812	-28.101317601983	-49.4794339621517	-28.1330540656228	-32.4891516894226	-46.4849627629604	-32.6657569118506	-37.2058674276277	-49.6682403168018	-37.4594770924951	-26.4758966890434	-54.168422202377	-26.483291063269	-31.2409089129789	-43.7197364497674	-31.4935310703191
162	-39.3404489943269	-26.0133954459694	-46.3493835262404	-26.0537788672638	-32.0126305563308	-47.4816298292859	-32.137691711657	-32.914301318326	-44.4540078325049	-33.2301736265696	-28.3824207407457	-48.5048830291709	-28.4248492507775	-24.3428996791384	-39.4475797589716	-24.4790778257169
163	-39.293469248621	-28.6872064864288	-45.3131768867331	-28.7826954037315	-34.3646036334103	-50.28315571377	-34.4772058788419	-34.7773844003458	-43.935702637443	-35.3394026231782	-34.4046691730845	-47.206958404989	-34.6386619757622	-26.0038108717935	-41.1313092615686	-26.1392641542207
164	-39.6111031321511	-28.4303939464087	-46.5897980943059	-28.4972564652563	-35.0048669026773	-52.6303108864737	-35.0805534588547	-37.4677139757206	-43.8879983232463	-38.5916494207928	-32.9364816428977	-48.6759917576325	-33.0538876657124	-26.3008139135277	-49.5127906176284	-26.3215929391177
165	-40.2401316617807	-28.4333180847198	-49.3252771433339	-28.4688290718512	-37.4442424841667	-52.491203227215	-37.5822718286865	-39.4657515100126	-45.9598821070887	-40.5681131209956	-29.3993220077127	-52.3627746107754	-29.421327894825	-28.1849786951864	-46.5295314680374	-28.2490299527326
166	-41.1480812412937	-31.4863064479056	-50.3328035147021	-31.5433205370474	-49.6542597936397	-50.9154775078917	-55.6395608000063	-43.3098009894886	-45.6530192947451	-47.1085748648791	-30.9695862376238	-50.4175978096315	-31.0191838390359	-32.4597495406663	-46.1222890898134	-32.6507549312967
167	-42.3161421479428	-34.3218799672405	-48.4134258874665	-34.4945571569611	-39.4422867762948	-48.7349079023322	-39.9860725264552	-35.2629923142133	-46.5402558479981	-35.5993225796012	-39.4969391637123	-45.3322728489567	-40.8098808513486	-32.0557030395832	-42.6951434883444	-32.4477094464657
168	-43.7346922959002	-36.0130672913193	-47.5562904968392	-36.3286744067505	-37.1956733797434	-48.1298180612406	-37.560848048771	-32.3018285510283	-45.703423169802	-32.5049430826901	-42.4581515451621	-43.1408829580201	-50.8303904058149	-28.0906503943882	-44.3249628199588	-28.1952603621162
169	-45.3983727569966	-32.0654138044251	-48.4758322322205	-32.1658182679214	-42.645815567512	-50.519011314551	-43.4195213733331	-40.6393456499363	-43.8310931264181	-43.475475885136	-33.774340939964	-44.3949967016037	-34.1681259909777	-30.0281214374222	-45.2085766612553	-30.161907514908
170	-47.2960320697543	-28.5055508336937	-51.4230539772144	-28.5277913850754	-44.599760056629	-54.6038202853936	-45.0568840599329	-42.2391765866381	-42.7123935458099	-52.1008769377502	-27.3067989546154	-47.9709496047776	-27.344230649034	-28.9574558154606	-46.2729412546326	-29.0387943505995
171	-49.3849830268675	-24.9357537584656	-63.0793962874963	-24.9364197264575	-38.6894763417356	-57.0486221801458	-38.7533111500193	-31.5671671365691	-42.3768614852901	-31.9434307643158	-23.3779941513512	-62.6100380602094	-23.3785124807435	-23.5850864091359	-43.0448020574721	-23.6345497637414
172	-51.5291355854549	-23.3649209328237	-48.6556732040981	-23.377784223687	-38.4314021427673	-51.7085965820547	-38.6405632592369	-31.5789545838836	-43.8549146352933	-31.8440332817272	-21.9807026329964	-46.6285016993417	-21.9956219918136	-21.3515777331265	-40.2376926699332	-21.4080707027004
173	-53.4004582232853	-24.360304003269	-44.7630738242707	-24.4000683663248	-45.2220092041036	-49.921953402233	-47.0189993934396	-46.519283335368	-57.5371094142068	-46.8771937456114	-23.7789454544771	-44.141574328513	-23.8190807665362	-23.7277763001994	-43.8299699269423	-23.770404265492
174	-54.5194407626343	-27.624188472425	-44.1391014628275	-27.7221788243785	-48.2313174838498	-50.9253384097946	-51.582751741843	-40.6510788627751	-43.2582823826113	-44.105753125377	-27.7235593672592	-45.1116350443541	-27.803537175296	-26.2007348411401	-37.8478217247074	-26.5086127887163
175	-54.7043846703429	-27.613656092975	-47.1070318254556	-27.6627353966267	-45.9681160047008	-56.2717446439639	-46.3932283255647	-37.8687635702521	-42.5177814583775	-39.692087444277	-26.8260191339877	-49.2758321950352	-26.8507957074814	-28.84139567664	-41.1061377609137	-29.1071813793398
176	-54.3166840131364	-24.750646912206	-57.782176596003	-24.7528083334191	-37.373620348618	-73.0883916959537	-37.374785454596	-42.6601761030304	-47.0711786618397	-44.6130544054709	-22.9972850435182	-59.3909766095153	-22.9982815152369	-24.0783886760414	-47.1483974424877	-24.0998598876902
177	-53.803955054945	-23.0378523013868	-53.4338670171314	-23.0418185609989	-32.8718061638495	-62.9035453937856	-32.8761196265167	-41.7377958008442	-43.2874138257342	-46.96518724916	-20.9670801631549	-56.9694813470577	-20.96817059547	-22.5325781857511	-41.1962830407499	-22.5920600435248
178	-53.4069807755412	-23.767369005383	-46.2427701174487	-23.7919996142951	-31.4476362464602	-61.4257652040707	-31.4520033124102	-39.2677371249309	-43.6570452629675	-41.2329817044571	-22.0363874794891	-47.6915568723699	-22.0482140429351	-22.9652896981604	-39.4619143673224	-23.0636982820826
179	-53.2137198293062	-25.118600538706	-44.79453590917	-25.1656485260922	-30.1196469128693	-66.0870229566606	-30.1207461760175	-31.6414491976018	-56.6172187218015	-31.6552816376729	-23.4392328816301	-45.2805383050213	-23.4677482349118	-25.7637663380945	-42.9883818313918	-25.8468412493928
