Угол	TotalAntenna	TotalRadom	ThetaRadom	PhiRadom
0	-53.2490084210367	-26.6208831992359	-46.5428365009394	-26.6653268029241
0.5	-53.2022774663015	-25.0985955768775	-46.9522781641765	-25.1270295123611
1	-53.2137198293062	-25.2688015695106	-52.3730197861019	-25.2772696665415
1.5	-53.2825593918732	-27.5742374776245	-60.8281989273836	-27.576290959322
2	-53.4069807755411	-30.8023297122961	-61.6873103483571	-30.805873465128
2.5	-53.5832092493745	-33.5011855437538	-52.9590728438555	-33.5506698455679
3	-53.803955054945	-35.4686155979738	-45.4855739477019	-35.9243103236008
3.5	-54.0559833852922	-33.7829753064458	-42.7008378192412	-34.3792858489542
4	-54.3166840131364	-31.3547004727724	-42.1674935748235	-31.7306837670255
4.5	-54.550097642631	-30.1744072045892	-43.1049133585005	-30.401411713252
5	-54.7043846703428	-29.7305585660166	-44.3203192007361	-29.8841853517606
5.5	-54.7151210572127	-29.6985630440878	-43.1360293204973	-29.8999674597102
6	-54.5194407626342	-31.4049515331194	-42.4926653218695	-31.7569105050361
6.5	-54.0794289827053	-37.7510680050828	-46.0441402766383	-38.4474212790039
7	-53.4004582232853	-46.4011146356234	-50.606966070289	-48.4749392672864
7.5	-52.5285336595784	-41.2545384907928	-44.5947145029515	-43.95825954204
8	-51.5291355854551	-40.649077974859	-43.9374682145963	-43.398027955497
8.5	-50.4650705740757	-33.6829846540063	-46.295299899219	-33.9277405191241
9	-49.3849830268678	-31.2180289791141	-48.1432427274461	-31.3070942906685
9.5	-48.3218326704297	-30.5684205813646	-54.3458486514526	-30.5866575660935
10	-47.2960320697543	-28.9945983003497	-53.8641093615407	-29.0087739115434
10.5	-46.3193976474539	-27.8711130738696	-46.634312816216	-27.9292386639941
11	-45.3983727569965	-28.1876040939325	-47.1689863646572	-28.2428634887447
11.5	-44.536266140999	-29.5833524331611	-53.9302261289402	-29.5993441939351
12	-43.7346922959002	-30.9010102232247	-53.3540619899648	-30.9257682739888
12.5	-42.9944646342725	-32.0338837111719	-46.1596058205223	-32.2051803257746
13	-42.3161421479429	-35.7419599921551	-43.4055466161715	-36.5577468071439
13.5	-41.7003669679703	-43.9641030729525	-44.7499620146169	-51.7755062102522
14	-41.1480812412937	-49.2082613378396	-50.2675926395787	-55.854691042951
14.5	-40.6606793334379	-36.2320283013267	-45.7600906010656	-36.7453522195838
15	-40.2401316617807	-29.4144120955431	-43.8552258578613	-29.5734984656615
15.5	-39.8891054975581	-28.0825595657128	-48.3455469215583	-28.1236307776168
16	-39.6111031321511	-29.3635021631089	-43.44662100695	-29.5365215123173
16.5	-39.4106374773734	-28.6595311163508	-38.2773390556255	-29.1617248252198
17	-39.293469248621	-29.326030401674	-37.4234305499357	-30.0573317804793
17.5	-39.2669394563183	-31.4634992217595	-38.3302288433076	-32.4638938134137
18	-39.3404489943269	-27.8392238604782	-38.3753313550005	-28.2411195936458
18.5	-39.5261701054406	-27.874660420298	-39.2793195702658	-28.2008934617568
19	-39.8401360373811	-33.0394447729772	-43.6146689088937	-33.4375665460234
19.5	-40.3039751680459	-29.7657663992109	-48.1779837624684	-29.828820226367
20	-40.9478041998982	-27.506378099432	-42.895086659984	-27.6338074124754
20.5	-41.8153492925332	-28.6197208574451	-40.0910976037118	-28.9407920171536
21	-42.9737243819931	-30.2331357168342	-40.1525808283223	-30.6997540998283
21.5	-44.5340701993816	-32.6818841988974	-40.5493028800001	-33.4567174710652
22	-46.7016059002825	-34.2661984782204	-38.0080385625632	-36.6506001539661
22.5	-49.9247406678671	-31.978693393004	-36.2998911524356	-33.9834008325596
23	-55.5119121440626	-29.1283569366702	-36.2650452026731	-30.0614743882649
23.5	-65.2709530385916	-28.7678016680846	-37.2068834128955	-29.4392558468759
24	-54.7678099875781	-32.0520031694507	-39.6032411434882	-32.8913728202741
24.5	-49.142615307759	-29.4677951230014	-43.0083753572432	-29.6643653449963
25	-45.7611311725708	-26.3789520558166	-45.9773391698557	-26.4268523757992
25.5	-43.4206937235062	-27.3875369159031	-57.0374575020347	-27.3922469899543
26	-41.7064122420344	-31.1484475163293	-43.9578568308726	-31.3820465153495
26.5	-40.4325913899119	-31.2479834254398	-40.4746876429102	-31.8006378082023
27	-39.5048570973125	-27.5608103726273	-39.8405515875379	-27.8256512022721
27.5	-38.8738080500275	-26.0681104095375	-37.1167075149997	-26.4233876363697
28	-38.5166352224457	-27.9277178431646	-35.622580813069	-28.7370696165964
28.5	-38.4297670480761	-33.6340561064847	-37.0930593883796	-36.2377012810608
29	-38.6273268858262	-34.3040608660992	-41.4909031790473	-35.2252426507497
29.5	-39.1444169339846	-33.6417523614786	-46.5157008666969	-33.8718126700518
30	-40.0472733690711	-33.6970829542015	-44.6694178281609	-34.0589235124987
30.5	-41.4578497942164	-28.7668777933816	-40.7229697044651	-29.0528986333029
31	-43.6174816759201	-28.0784973735761	-38.4888108883949	-28.4927857242364
31.5	-47.0859536305126	-30.3982951886453	-38.9354584599999	-31.0535640918684
32	-53.517886293423	-27.6302928357928	-43.2903515756384	-27.7498966148182
32.5	-56.739691212118	-26.457494363757	-41.5533172902291	-26.5939549339618
33	-48.2256191448775	-27.4313226346053	-36.7723737947099	-27.9686890358991
33.5	-43.6113448702339	-24.6937211577171	-35.8183168618639	-25.0425809965301
34	-40.6890499951608	-22.9933091276154	-36.0803690090532	-23.2120704170598
34.5	-38.6779185661317	-24.0410108696263	-34.8916070508634	-24.4135917489098
35	-37.2730889680865	-25.8860173514493	-34.164742305407	-26.5848706332076
35.5	-36.3341649241136	-26.4472811856726	-35.5132561461282	-27.0222129731949
36	-35.7948854619079	-26.419527453385	-39.6075479375091	-26.6331361459156
36.5	-35.6316891519272	-26.535519362401	-48.2440298853723	-26.5649231052973
37	-35.8538081430491	-28.5181293637322	-46.0754919399472	-28.5950224040673
37.5	-36.5057655865988	-27.2438183328219	-41.2437770895613	-27.4202514995669
38	-37.6843338868062	-22.1887157538128	-40.8564519364536	-22.2481420440086
38.5	-39.5865648017417	-19.8635497209922	-43.7578970424013	-19.8813012945141
39	-42.653528977383	-18.959366458715	-49.6364526861608	-18.9630840492591
39.5	-48.0839198665869	-17.9641781434909	-52.8837782575686	-17.965577390091
40	-54.5341053762078	-17.2223077233955	-46.4687843185161	-17.227476586966
40.5	-46.3884282239961	-16.8703736413676	-40.3182051104044	-16.8900518110614
41	-41.4269646855933	-16.6999852541978	-36.8562385390298	-16.7420833242064
41.5	-38.4866817537827	-16.8742961193842	-35.892667837403	-16.9290838924594
42	-36.6267031051568	-16.2368512998482	-37.2892453977056	-16.2710693042937
42.5	-35.5000986914822	-15.1168208992758	-40.1092819049813	-15.1306001941264
43	-34.9660815072354	-15.2360037449041	-39.5659561784834	-15.252058050884
43.5	-34.9838408636955	-15.6328232579873	-37.2551499008501	-15.6628183735579
44	-35.5873236234213	-14.9194023933598	-36.1584698317263	-14.9521753167791
44.5	-36.9048483512507	-15.0819589274187	-35.0140504264484	-15.1262983718794
45	-39.255597677326	-16.9536354854801	-33.4074902605877	-17.0530292278203
45.5	-43.5542186645865	-18.4796060605493	-32.866593814129	-18.6407136552695
46	-54.7232622361124	-18.4145831118574	-33.9761369908742	-18.5369697155981
46.5	-49.0230439204125	-17.9845549805824	-36.5086565919671	-18.0459937441135
47	-41.2494953170644	-17.3246951557015	-40.4471990873442	-17.3459077661676
47.5	-37.4702972504869	-17.3996795732878	-47.1844707586117	-17.4042455476802
48	-35.2373518015371	-18.2115034161103	-41.4919441128324	-18.231956674419
48.5	-33.9435591553975	-18.7023977073452	-36.6151354905536	-18.7731997562955
49	-33.3755088588461	-19.5924300458972	-36.1802367928796	-19.6887711876392
49.5	-33.477654890282	-21.1471207129082	-40.5216205901436	-21.1975699196822
50	-34.3066949456703	-20.7085987139431	-43.1111027992892	-20.7336474454339
50.5	-36.0738065523291	-19.8217053001399	-35.530635743266	-19.9399523197443
51	-39.3677399607461	-21.1492906184896	-31.9895170739992	-21.5228016003194
51.5	-46.4791246187594	-25.0492203822458	-29.9448403178102	-26.7492406580038
52	-52.9253140412304	-26.8883449890944	-28.6558335833712	-31.6464353254521
52.5	-40.9861629378272	-23.7962585505912	-28.1768125365455	-25.766520733951
53	-36.3309285279057	-22.0236285783187	-28.954661492005	-23.0075201625164
53.5	-33.7453010343732	-21.9945994646848	-31.3685957826896	-22.5276450990052
54	-32.3033035944562	-23.5216972599909	-35.5920701006041	-23.8000465783865
54.5	-31.7141516871236	-26.3432954140285	-37.8540686062554	-26.6613583666227
55	-31.9107100933412	-29.17959987415	-35.9188183152339	-30.2136446420995
55.5	-32.9833170116041	-31.3202651941837	-36.2763535953297	-32.9916097393456
56	-35.2664577123148	-36.6567333042567	-40.2281574194165	-39.1701830564168
56.5	-39.8487791768586	-37.6198058001255	-40.6376708881929	-40.6225537803997
57	-55.0043931879655	-29.3951936736125	-36.1180256254703	-30.4336542365539
57.5	-42.8241661951408	-26.7258655271246	-34.9883380973522	-27.4275625165621
58	-35.9226162505751	-27.2004581110053	-37.013513516408	-27.6793102220932
58.5	-32.5247519146213	-29.9455657982014	-42.0670665263499	-30.2205520656446
59	-30.6448603400603	-32.5297802658909	-49.4064641307723	-32.6198568628087
59.5	-29.7797428514213	-32.0598025283057	-54.0530332034804	-32.0873344873281
60	-29.7919551709487	-30.4330337809595	-46.3229224839702	-30.5463914735749
60.5	-30.7443780009872	-28.2435821055553	-41.0455665871974	-28.477591778833
61	-32.9661626996778	-26.6866929660192	-39.2340911461302	-26.9352423521829
61.5	-37.580749312084	-26.7025124105355	-39.8419208393132	-26.918586341504
62	-53.6185168045406	-28.1048056409194	-42.0668568531765	-28.2828176864582
62.5	-39.9613099803294	-28.9040216609727	-45.3507915985687	-29.0035795553544
63	-33.2690963594306	-28.0262298092112	-44.3116207067189	-28.1296019659383
63.5	-29.9785958769576	-28.1627040392176	-42.6578530721905	-28.3197762470841
64	-28.2192516804671	-31.0172295323301	-43.1424525253777	-31.291972603133
64.5	-27.5216161798378	-34.5898923521721	-42.978631705796	-35.2698210349977
65	-27.7873066103873	-30.2017138995676	-41.0998868345367	-30.570058302674
65.5	-29.1619581780052	-27.2559258744699	-40.7616549222782	-27.4541165676455
66	-32.2265413025278	-27.0146554855068	-40.9119848773894	-27.195396655658
66.5	-39.5081292667184	-28.8225212104769	-37.0429339793802	-29.5316358300581
67	-45.1412184109582	-30.7636631856501	-32.9943645569967	-34.7248066247234
67.5	-33.0845140157085	-29.8097358502555	-30.6430875115044	-37.389310916399
68	-28.5303972162317	-28.0359791126525	-29.5407081320552	-33.3699023972732
68.5	-26.1115322789692	-27.1755065279049	-29.322092786451	-31.2650409476886
69	-24.9485361672192	-27.2506789883332	-29.9180844274162	-30.6332852608947
69.5	-24.8113955036272	-28.0924495156516	-30.9331741104395	-31.2792160907783
70	-25.7556217338771	-29.400698731302	-31.2239470243543	-34.0498614942444
70.5	-28.1938303418075	-29.9871818854958	-30.5048956210075	-39.4804138123099
71	-33.7417504971833	-28.4112396972307	-29.8982789733263	-33.7881834361224
71.5	-54.4898846574599	-26.1321229716422	-29.8182644784049	-28.5577293491405
72	-31.7125369410166	-24.6839511024704	-30.1593590420246	-26.1314178432124
72.5	-26.2097730531317	-24.3666373895533	-30.966693268642	-25.4388668760081
73	-23.3756341934116	-25.0284248817644	-32.2387663654005	-25.9440727151868
73.5	-21.9554570291064	-25.9866698534922	-32.2556763953964	-27.1563151341602
74	-21.6333565576456	-26.2424902292681	-30.1705980355323	-28.4955122490262
74.5	-22.4370942939529	-25.9599777357862	-28.4825538931184	-29.5197857598936
75	-24.7768278812674	-26.0364978746875	-28.2324690098683	-30.0498929112648
75.5	-30.3251505368927	-26.2381726739661	-29.2245124140214	-29.2725657704361
76	-48.486784265042	-25.1023368004138	-30.221909331485	-26.699016859981
76.5	-27.6597856968733	-22.8189519487313	-29.7673943313546	-23.7984280275934
77	-22.1558962418288	-20.8716444512067	-28.866641001716	-21.6219911158483
77.5	-19.2708520806856	-19.7625076753033	-28.6935714732852	-20.3568786537106
78	-17.7978178092488	-19.4019957133816	-29.1681404593583	-19.8863492329693
78.5	-17.4409665370793	-19.5016391080929	-29.5265768580816	-19.9564519711993
79	-18.2594845355218	-19.6920118576763	-29.224082353682	-20.2048331445347
79.5	-20.7587593797813	-19.6333251258572	-28.5637469086092	-20.2277902743268
80	-27.1787474567419	-19.0594818543811	-27.9382547746621	-19.6615753678068
80.5	-34.913675954795	-17.8039840339726	-27.4012268828522	-18.3087054353341
81	-21.1337265997555	-15.9952716861428	-26.8076295523628	-16.3712943415108
81.5	-16.0313424205857	-14.0114071484024	-25.8929978835147	-14.3025464835714
82	-13.1808974250307	-12.1630764884038	-24.4822889574147	-12.4254473273754
82.5	-11.6365578068124	-10.5908630565527	-22.7725159704208	-10.8619463050161
83	-11.1740394338172	-9.33619482211076	-21.1293675597586	-9.63353190344471
83.5	-11.9129531491148	-8.40619830924768	-19.7475078821698	-8.73741240719492
84	-14.5215473255459	-7.79750656183446	-18.6097768893919	-8.17353713439416
84.5	-22.4718224782221	-7.49827765100891	-17.5996929357834	-7.9447289989195
85	-21.478795098892	-7.48738916319099	-16.6380985897696	-8.05045963830286
85.5	-10.8392957506307	-7.74032514495437	-15.7648842726217	-8.48511887783622
86	-5.58845340124476	-8.24230669344402	-15.1081401605368	-9.24293345492756
86.5	-2.06299635753964	-9.00169974399013	-14.8051340346836	-10.3259577427502
87	0.527578442249358	-10.0546113666373	-14.9636068225676	-11.7482377932574
87.5	2.49065937731393	-11.4586188513027	-15.6712244122961	-13.5283146968956
88	3.97772875108113	-13.2829226447435	-17.0320594068322	-15.6619940407565
88.5	5.07326096816984	-15.6003012072111	-19.2369313285262	-18.0633185308511
89	5.82723390512289	-18.4467599845288	-22.7477747092236	-20.4633508322184
89.5	6.26919076067622	-21.4746526141839	-29.0098117235367	-22.3174581967252
90	6.41486042283538	-22.6741776576261	-35.5253035156651	-22.9054829998196
90.5	6.26919076067622	-20.5419199910749	-26.4696155969586	-21.8227224174575
91	5.82723390512289	-17.527885081331	-21.8442056765471	-19.5354560750199
91.5	5.07326096816986	-14.8870890632825	-19.1630076876772	-16.918579147401
92	3.97772875108117	-12.746237086462	-17.4967074029911	-14.5175580609488
92.5	2.49065937731399	-11.0677531999784	-16.507622889745	-12.5293579006391
93	0.527578442249441	-9.8097199964324	-16.0549580687695	-10.9867379104705
93.5	-2.06299635753967	-8.93010367620307	-16.0878829721546	-9.85818108115621
94	-5.58845340124471	-8.38030735459564	-16.6023561517742	-9.08913186284964
94.5	-10.8392957506306	-8.10814028698941	-17.6071329998441	-8.62512522734298
95	-21.4787950988922	-8.07045069920315	-19.0719743612344	-8.42976439470828
95.5	-22.4718224782224	-8.24710854614899	-20.8319297109431	-8.49346374336683
96	-14.521547325546	-8.6440745979448	-22.4946751517184	-8.82681270590782
96.5	-11.9129531491148	-9.28128050358019	-23.6597647609321	-9.44270979813426
97	-11.1740394338172	-10.1758048736999	-24.4369541395563	-10.3417405430303
97.5	-11.6365578068123	-11.3382586390435	-25.2583352489528	-11.5180357928399
98	-13.1808974250306	-12.7942635250515	-26.2365727398277	-12.9954381940468
98.5	-16.0313424205856	-14.6189202018333	-27.0157985183324	-14.8765000113168
99	-21.1337265997556	-16.9261858055986	-27.2978335451265	-17.3443632944209
99.5	-34.9136759547946	-19.6532387714247	-27.3973733018025	-20.4525655858805
100	-27.178747456742	-21.8069074715348	-27.8039758643475	-23.0641670970092
100.5	-20.7587593797812	-21.7652503670089	-28.7048936656896	-22.7469553546748
101	-18.2594845355218	-20.4815789186992	-29.9832974273912	-20.9982193988595
101.5	-17.4409665370794	-19.3766736873435	-31.2806469163035	-19.6662653919202
102	-17.7978178092488	-18.7533850377049	-32.1366952679416	-18.9573769556517
102.5	-19.2708520806856	-18.7074369564797	-32.5322731653643	-18.8912857145041
103	-22.1558962418287	-19.5048252695577	-33.1567900883043	-19.696306727689
103.5	-27.6597856968729	-21.6311031951781	-34.6992700438797	-21.8508427703677
104	-48.4867842650407	-25.971542429059	-36.3799778849498	-26.3860188022985
104.5	-30.3251505368928	-32.0125146011097	-34.9475111217663	-35.0994467732842
105	-24.7768278812674	-27.5963580104082	-32.2467709404828	-29.4189542525285
105.5	-22.4370942939529	-23.7023213437417	-30.6893388613828	-24.672092364227
106	-21.6333565576456	-21.9537532442236	-30.1061198781771	-22.6750490424606
106.5	-21.9554570291064	-21.2446352781541	-29.7006722776211	-21.9132609800084
107	-23.3756341934115	-21.0884281201885	-29.2127375758599	-21.8148124787281
107.5	-26.2097730531316	-21.5164014327324	-29.2975420762039	-22.3082882691026
108	-31.7125369410165	-22.8153785336441	-30.7187587805935	-23.5832225054691
108.5	-54.4898846574594	-25.2363198473504	-33.4786353641846	-25.9415611731916
109	-33.7417504971836	-28.9605299808217	-35.8607439766982	-29.9522927226037
109.5	-28.1938303418075	-34.0345738885527	-36.9966510801301	-37.0936380794055
110	-25.7556217338771	-34.2727132349609	-41.0488508335765	-35.2968862089702
110.5	-24.8113955036272	-29.1809875508343	-52.3085740339695	-29.2021752900678
111	-24.9485361672192	-26.2875205557412	-37.7603895772491	-26.6084772332306
111.5	-26.1115322789692	-25.6371350261669	-33.7756706396638	-26.3609344192473
112	-28.5303972162318	-26.5953365758319	-32.489179665535	-27.8878119052006
112.5	-33.0845140157085	-27.7988260191209	-31.351146147724	-30.3273083514705
113	-45.1412184109575	-27.8897681939685	-29.6125313695124	-32.7382998725649
113.5	-39.508129266719	-27.8841399857417	-28.3816986583392	-37.5399445285705
114	-32.226541302528	-27.6172839978201	-28.2059342095021	-36.5875552359219
114.5	-29.1619581780053	-26.1361374081214	-28.905940858337	-29.4010364586162
115	-27.7873066103873	-25.1636908203132	-30.3595404966101	-26.7269034423234
115.5	-27.5216161798378	-25.547269939252	-32.8350654993263	-26.444936988955
116	-28.2192516804671	-25.8963529876315	-36.3499747615114	-26.3063302291002
116.5	-29.9785958769577	-24.9176141436127	-36.8090007259633	-25.2080750984559
117	-33.2690963594305	-24.3826425841383	-34.6716981837008	-24.8092563258461
117.5	-39.961309980329	-25.16031511467	-34.0968874182756	-25.753878767425
118	-53.6185168045425	-26.384836617597	-34.9024587251555	-27.0432963087639
118.5	-37.580749312084	-27.621507399098	-35.5456993194217	-28.3853379702405
119	-32.9661626996779	-29.8024948524131	-34.1923657694597	-31.7674174086398
119.5	-30.7443780009873	-29.9064572026836	-32.1394498609152	-33.8641899806208
120	-29.7919551709487	-27.4480112334101	-31.276212959058	-29.7703035637726
120.5	-29.7797428514213	-26.844533310687	-32.5422267708537	-28.2071212321407
121	-30.6448603400603	-27.4190926599381	-37.4264124206727	-27.8758550198169
121.5	-32.5247519146212	-27.1798810349015	-63.5338949250922	-27.1808866532809
122	-35.922616250575	-27.2373123620208	-39.731306451544	-27.4890278208575
122.5	-42.8241661951402	-27.3637723870928	-35.6266327191821	-28.0654013834454
123	-55.004393187966	-25.5909972994147	-33.5793676708917	-26.3425947761381
123.5	-39.8487791768585	-24.6881007710483	-31.7544503599535	-25.6382480406889
124	-35.266457712315	-25.5751892786736	-30.7935647136743	-27.1286788247694
124.5	-32.9833170116042	-25.9057353352076	-30.8800136921959	-27.5685680606177
125	-31.9107100933413	-25.6789024205793	-30.9989865386723	-27.1893748495805
125.5	-31.7141516871235	-27.0890155039512	-30.8978266567951	-29.4250690711239
126	-32.3033035944562	-26.6445663958334	-31.8588156721123	-28.1998315718062
126.5	-33.7453010343732	-24.3475023266737	-35.1196652639846	-24.7271786721717
127	-36.3309285279057	-24.3442058298014	-41.0144347474464	-24.4387159589023
127.5	-40.9861629378272	-25.5284438442877	-37.9615732886202	-25.7838183414385
128	-52.9253140412304	-24.9637730629357	-32.5022729023038	-25.8058634854335
128.5	-46.4791246187595	-23.8315975913833	-29.531080637064	-25.1935261576039
129	-39.3677399607462	-22.0017319600418	-28.6991892688441	-23.0470723274877
129.5	-36.0738065523292	-19.750668241805	-29.3585929119565	-20.2540750437078
130	-34.3066949456703	-18.7489027694118	-29.9316507046257	-19.0929337221309
130.5	-33.477654890282	-18.8364673035304	-29.403553996561	-19.2353711071891
131	-33.3755088588461	-18.8753260197873	-29.5920062820053	-19.260106721953
131.5	-33.9435591553974	-19.2431305532956	-31.0983316448336	-19.5361055825827
132	-35.2373518015371	-21.0482724711813	-32.0730082138365	-21.405589832858
132.5	-37.4702972504869	-21.7851766706644	-32.0093121161416	-22.2185469342865
133	-41.2494953170643	-19.5085551890699	-33.4122673552492	-19.6890253288162
133.5	-49.0230439204115	-17.838692760781	-37.7286639481283	-17.8834665612227
134	-54.7232622361141	-16.5409236541644	-41.2314535121178	-16.5556966905656
134.5	-43.5542186645865	-15.772149704797	-39.7841588835456	-15.7894258527413
135	-39.2555976773261	-16.3766504701126	-41.97535002073	-16.3886320281677
135.5	-36.9048483512507	-16.417946530308	-42.6378614686944	-16.4283292672514
136	-35.5873236234213	-14.8560999590651	-38.4593053661698	-14.8750850498977
136.5	-34.9838408636955	-14.8792824357054	-37.7632996641905	-14.9016955787895
137	-34.9660815072355	-16.6291378491079	-38.7830369459802	-16.6556668060125
137.5	-35.5000986914822	-16.648264486277	-38.5812760232005	-16.6761820997817
138	-36.6267031051567	-15.8955121308928	-39.1833906519037	-15.9159303080712
138.5	-38.4866817537826	-16.257295672009	-43.6821133553339	-16.2651606177512
139	-41.4269646855932	-16.2218787289843	-43.1672431559872	-16.2306626210205
139.5	-46.3884282239961	-16.2921921319188	-37.2049271308	-16.3275329545394
140	-54.5341053762076	-17.1452795628335	-35.0508199787401	-17.2162000102105
140.5	-48.0839198665873	-17.3089665373658	-34.8265342024425	-17.3865737574955
141	-42.6535289773832	-17.6451203186534	-34.2793830535546	-17.7404250718835
141.5	-39.5865648017418	-19.6752107394779	-33.53750332622	-19.8574470895305
142	-37.6843338868062	-22.7500207627624	-34.924981998946	-23.0215353656356
142.5	-36.5057655865988	-25.7581902557557	-40.1518518752617	-25.9190458257158
143	-35.8538081430491	-28.6582232632253	-43.0973272845737	-28.8173734371017
143.5	-35.6316891519272	-29.1218404361337	-36.9021718118298	-29.91388916079
144	-35.7948854619079	-28.2948906769646	-33.8247520372771	-29.7210051909743
144.5	-36.3341649241136	-26.6981167613043	-32.928400827581	-27.8798003743191
145	-37.2730889680865	-26.1341260622986	-34.1060753334689	-26.888833119119
145.5	-38.6779185661316	-28.6994249245964	-36.7909183918073	-29.4318104380305
146	-40.6890499951608	-31.7873429274358	-38.2723023699693	-32.8923581565492
146.5	-43.611344870234	-28.6331013182282	-39.1540244526902	-29.0364721073916
147	-48.2256191448775	-27.8766291050456	-41.7934141683391	-28.0565454275549
147.5	-56.7396912121179	-29.5282271176431	-43.7783878270712	-29.6945913258764
148	-53.517886293423	-30.7813463846127	-43.0583702947706	-31.0463581341961
148.5	-47.0859536305126	-32.8633749010666	-42.8958228897713	-33.3173593941471
149	-43.6174816759201	-38.0335338100087	-43.4672629731074	-39.4975977972722
149.5	-41.4578497942164	-42.3170254823674	-42.8707210758684	-51.5360647686624
150	-40.0472733690711	-37.5800473321307	-40.9637056372271	-40.2465606746194
150.5	-39.1444169339845	-34.7781041016307	-39.6205783674134	-36.503819579538
151	-38.6273268858262	-34.6927567458378	-39.5539760109239	-36.4093559628796
151.5	-38.429767048076	-33.5037044933755	-41.173694124517	-34.3181693499498
152	-38.5166352224457	-33.7163636167436	-44.126438473926	-34.1306758557425
152.5	-38.8738080500275	-35.9685473271279	-45.0040202082534	-36.5478139024952
153	-39.5048570973125	-34.5896479985087	-43.7388177874748	-35.15293165156
153.5	-40.4325913899119	-32.8901028961785	-43.8911736510671	-33.2494556589274
154	-41.7064122420344	-31.7604962993751	-47.3590801757776	-31.8818291616231
154.5	-43.4206937235062	-32.8657192636952	-56.4196730850949	-32.8849213616276
155	-45.7611311725708	-33.1036360784763	-45.798728489789	-33.34364094655
155.5	-49.142615307759	-30.0121537417101	-40.6762632040421	-30.4018370943263
156	-54.7678099875775	-30.1182829748127	-38.9594679748981	-30.7259939736202
156.5	-65.2709530385918	-30.9033072026814	-39.6328218986876	-31.5280412231156
157	-55.5119121440632	-30.2186694854676	-42.164247786508	-30.5054069741857
157.5	-49.9247406678671	-32.5814935990669	-44.6236710403225	-32.8617156685801
158	-46.7016059002826	-37.6330666628619	-43.2225354432224	-39.0362302290631
158.5	-44.5340701993817	-37.1775266719215	-40.7235607975513	-39.7109812631251
159	-42.9737243819931	-32.8231265974065	-40.8262631305479	-33.5719397934805
159.5	-41.8153492925333	-28.7046336542897	-44.7295320411475	-28.8144773359566
160	-40.9478041998982	-27.4133878846205	-53.8052924819385	-27.4233670153619
160.5	-40.3039751680459	-27.6563284943224	-57.0116469519695	-27.6613693525598
161	-39.8401360373812	-27.1575642704027	-51.4050223620792	-27.1739270237146
161.5	-39.5261701054406	-26.7528383642053	-46.2950748290325	-26.8013655116293
162	-39.3404489943269	-28.2954704742542	-44.4053047109936	-28.4031601941432
162.5	-39.2669394563183	-31.6649090910269	-44.358655954125	-31.9049904239103
163	-39.293469248621	-33.6517791194441	-44.1400313728547	-34.0583429152396
163.5	-39.4106374773734	-32.6507375980203	-42.8575123779839	-33.0859336459074
164	-39.6111031321511	-30.7262057006199	-42.393707090811	-31.0325876782501
164.5	-39.8891054975581	-30.3240978394403	-43.6512337047171	-30.5308096645093
165	-40.2401316617807	-32.3454612790393	-42.5365902693497	-32.7823096872329
165.5	-40.660679333438	-35.3651936869526	-40.1539873547719	-37.1173423348454
166	-41.1480812412937	-36.2962319061213	-40.6403863203653	-38.2875289512157
166.5	-41.7003669679703	-32.40421315582	-42.9246933082208	-32.807627062646
167	-42.3161421479428	-28.9008851666259	-40.7875270873112	-29.1916744936516
167.5	-42.9944646342725	-28.1951450234839	-38.9678339326455	-28.5747733198947
168	-43.7346922959002	-30.061303008687	-39.9984469686056	-30.5259184073946
168.5	-44.536266140999	-32.5527973958315	-42.1395915363337	-33.0588082263117
169	-45.3983727569966	-32.2942499561705	-41.3116959186429	-32.8760948195784
169.5	-46.3193976474537	-32.2876784375844	-40.2145586371489	-33.0509922616855
170	-47.2960320697543	-34.984790232343	-41.6035099493072	-36.0518074738385
170.5	-48.3218326704296	-39.27912721782	-45.4399912314331	-40.4827488270746
171	-49.3849830268675	-35.0359836966207	-45.0005984015537	-35.4975081579077
171.5	-50.4650705740757	-31.0598812593443	-42.140553817392	-31.4124351462988
172	-51.5291355854549	-29.9430853739893	-41.724370783854	-30.2412660568439
172.5	-52.5285336595784	-31.8281775328002	-43.6301342546624	-32.1248928326769
173	-53.4004582232853	-33.0004972650965	-48.9869224939875	-33.1113309279496
173.5	-54.0794289827053	-28.7667702761702	-59.0044417892386	-28.7708838834145
174	-54.5194407626343	-27.3659942279256	-46.3052063295562	-27.4217962859764
174.5	-54.7151210572127	-29.8341711588806	-42.4308916150124	-30.0798328584434
175	-54.7043846703429	-33.8318327927901	-42.0956311005659	-34.5332973469242
175.5	-54.550097642631	-32.5063022357741	-44.2707628975107	-32.8056811467772
176	-54.3166840131364	-32.1312538097958	-45.477792126948	-32.3370220145814
176.5	-54.0559833852923	-32.2127218402987	-42.7681273565876	-32.6127510487619
177	-53.803955054945	-32.876557476572	-41.3829222441765	-33.5368629259659
177.5	-53.5832092493745	-37.7727186650492	-43.3341247200526	-39.1866330278506
178	-53.4069807755412	-38.6290908280396	-53.3151802819468	-38.7792886424568
178.5	-53.2825593918733	-32.0228854288064	-49.3667196618231	-32.103689797605
179	-53.2137198293062	-28.8892195834321	-44.0555237263882	-29.0234491190438
179.5	-53.2022774663014	-27.5006651384003	-46.6650428408283	-27.5536305216055
